-1 0.977344 0.539062 0.0140625 0.0125
-1 0.258594 0.425 0.0140625 0.0125
-1 0.533594 0.373437 0.0140625 0.0125
-1 0.632031 0.345313 0.0140625 0.0125
-1 0.778906 0.3125 0.0140625 0.0125
-1 0.43125 0.591406 0.0125 0.0140625
-1 0.675781 0.557813 0.0140625 0.0125
-1 0.713281 0.55 0.0140625 0.0125
-1 0.7375 0.546094 0.015625 0.0140625
-1 0.7625 0.542188 0.0125 0.0125
-1 0.844531 0.545312 0.0140625 0.0125
-1 0.820312 0.532813 0.0125 0.0125
-1 0.859375 0.525 0.0125 0.0125
-1 0.919531 0.517969 0.0140625 0.0140625
