-1 0.384375 0.283594 0.021875 0.0296875
-1 0.742188 0.507812 0.021875 0.01875
-1 0.263281 0.489063 0.0234375 0.03125
-1 0.359375 0.346875 0.03125 0.03125
-1 0.394531 0.414844 0.0265625 0.0296875
-1 0.834375 0.185938 0.0375 0.034375
-1 0.391406 0.264844 0.0265625 0.0265625
-1 0.382812 0.251563 0.025 0.028125
-1 0.239063 0.351562 0.025 0.021875
-1 0.775 0.164062 0.0375 0.034375
-1 0.803125 0.353125 0.025 0.021875
-1 0.340625 0.757031 0.03125 0.0265625
-1 0.305469 0.00234375 0.0265625 0.0046875
-1 0.428906 0.769531 0.0265625 0.0234375
-1 0.686719 0.127344 0.0328125 0.0296875
-1 0.348438 0.0710937 0.0375 0.0265625
-1 0.617188 0.301563 0.025 0.025
-1 0.836719 0.103125 0.0359375 0.034375
-1 0.703125 0.365625 0.034375 0.028125
