-1 0.314063 0.65 0.0375 0.034375
-1 0.626563 0.558594 0.028125 0.0390625
-1 0.823438 0.653906 0.0375 0.0328125
-1 0.724219 0.714063 0.0328125 0.034375
-1 0.525781 0.940625 0.0390625 0.05
-1 0.98125 0.780469 0.0375 0.0390625
-1 0.396875 0.801562 0.03125 0.028125
-1 0.285938 0.852344 0.065625 0.0578125
-1 0.247656 0.8125 0.0328125 0.046875
-1 0.114062 0.90625 0.05 0.0625
-1 0.0671875 0.914062 0.065625 0.06875
-1 0.746094 0.771875 0.0734375 0.04375
-1 0.313281 0.946094 0.0640625 0.0421875
-1 0.511719 0.975781 0.0484375 0.0453125
-1 0.376563 0.914062 0.059375 0.046875
-1 0.672656 0.977344 0.0671875 0.0453125
-1 0.654687 0.736719 0.075 0.0671875
-1 0.7875 0.9875 0.0625 0.025
-1 0.960156 0.855469 0.0703125 0.0484375
-1 0.532031 0.648438 0.0578125 0.053125
-1 0.573438 0.846875 0.1 0.053125
-1 0.521094 0.733594 0.0421875 0.0390625
-1 0.471094 0.896094 0.0640625 0.0703125
-1 0.983594 0.91875 0.0328125 0.040625
-1 0.875 0.817187 0.046875 0.046875
-1 0.946875 0.895312 0.053125 0.059375
