-1 0.192188 0.0125 0.059375 0.025
-1 0.917188 0.367188 0.05625 0.05
-1 0.775781 0.451562 0.0609375 0.04375
-1 0.721875 0.245312 0.053125 0.040625
-1 0.577344 0.14375 0.0453125 0.0625
-1 0.495312 0.2 0.0625 0.03125
-1 0.491406 0.289062 0.0734375 0.059375
-1 0.65625 0.365625 0.046875 0.053125
-1 0.638281 0.25 0.0546875 0.046875
-1 0.704688 0.298438 0.05 0.028125
-1 0.559375 0.295312 0.05625 0.05
-1 0.7125 0.491406 0.05 0.0484375
-1 0.449219 0.147656 0.0671875 0.0515625
-1 0.152344 0.297656 0.0703125 0.117188
-1 0.200781 0.276562 0.0703125 0.075
-1 0.379688 0.166406 0.06875 0.0484375
-1 0.274219 0.140625 0.0859375 0.065625
-1 0.009375 0.241406 0.01875 0.0828125
-1 0.279687 0.139844 0.065625 0.0453125
-1 0.160156 0.0804688 0.0703125 0.0484375
-1 0.195312 0.14375 0.05625 0.040625
-1 0.075 0.0421875 0.046875 0.046875
-1 0.146875 0.120313 0.053125 0.059375
-1 0.339844 0.0148437 0.0515625 0.0296875
