-1 0.0234375 0.653906 0.0375 0.0328125
-1 0.192188 0.780469 0.059375 0.0390625
-1 0.577344 0.91875 0.0453125 0.0625
-1 0.495312 0.975 0.0625 0.03125
-1 0.449219 0.922656 0.0671875 0.0515625
-1 0.379688 0.941406 0.06875 0.0484375
-1 0.274219 0.915625 0.0859375 0.065625
-1 0.279687 0.914844 0.065625 0.0453125
-1 0.160156 0.855469 0.0703125 0.0484375
-1 0.195312 0.91875 0.05625 0.040625
-1 0.075 0.817187 0.046875 0.046875
-1 0.146875 0.895312 0.053125 0.059375
-1 0.339844 0.782031 0.0515625 0.0453125
