-1 0.525781 0.165625 0.0390625 0.05
-1 0.98125 0.0125 0.0375 0.025
-1 0.396875 0.0265625 0.03125 0.028125
-1 0.285938 0.0773438 0.065625 0.0578125
-1 0.247656 0.0375 0.0328125 0.046875
-1 0.114062 0.13125 0.05 0.0625
-1 0.0671875 0.139063 0.065625 0.06875
-1 0.746094 0.009375 0.0734375 0.01875
-1 0.313281 0.171094 0.0640625 0.0421875
-1 0.511719 0.200781 0.0484375 0.0453125
-1 0.376563 0.139063 0.059375 0.046875
-1 0.952344 0.297656 0.0703125 0.117188
-1 0.982812 0.276562 0.034375 0.075
-1 0.672656 0.214062 0.0671875 0.06875
-1 0.7875 0.241406 0.0625 0.0828125
-1 0.960156 0.0804688 0.0703125 0.0484375
-1 0.573438 0.071875 0.1 0.053125
-1 0.471094 0.121094 0.0640625 0.0703125
-1 0.983594 0.14375 0.0328125 0.040625
-1 0.875 0.0421875 0.046875 0.046875
-1 0.946875 0.120313 0.053125 0.059375
