-1 0.0828125 0.442969 0.03125 0.0234375
-1 0.319531 0.588281 0.0359375 0.0265625
-1 0.171875 0.1625 0.0375 0.025
-1 0.286719 0.505469 0.0421875 0.0328125
-1 0.0695313 0.617969 0.0515625 0.0265625
-1 0.558594 0.485938 0.0421875 0.053125
-1 0.596094 0.666406 0.0421875 0.0265625
-1 0.635156 0.377344 0.0421875 0.0265625
-1 0.769531 0.685156 0.0390625 0.0265625
-1 0.714063 0.575781 0.04375 0.0265625
-1 0.877344 0.514844 0.0453125 0.0484375
-1 0.841406 0.722656 0.0421875 0.0453125
-1 0.633594 0.696875 0.0484375 0.04375
-1 0.994531 0.619531 0.0109375 0.0265625
-1 0.938281 0.664062 0.0515625 0.034375
-1 0.700781 0.86875 0.0515625 0.03125
