-1 0.119531 0.588281 0.0359375 0.0265625
-1 0.0867187 0.505469 0.0421875 0.0328125
-1 0.358594 0.485938 0.0421875 0.053125
-1 0.396094 0.666406 0.0421875 0.0265625
-1 0.435156 0.377344 0.0421875 0.0265625
-1 0.569531 0.685156 0.0390625 0.0265625
-1 0.514062 0.575781 0.04375 0.0265625
-1 0.677344 0.514844 0.0453125 0.0484375
-1 0.641406 0.722656 0.0421875 0.0453125
-1 0.433594 0.696875 0.0484375 0.04375
-1 0.813281 0.619531 0.0484375 0.0265625
-1 0.738281 0.664062 0.0515625 0.034375
-1 0.861719 0.757031 0.0453125 0.0203125
-1 0.500781 0.86875 0.0515625 0.03125
