-1 0.0851563 0.452344 0.0265625 0.0234375
-1 0.224219 0.339844 0.0234375 0.0296875
-1 0.04375 0.228125 0.03125 0.05
-1 0.196094 0.291406 0.0390625 0.0359375
-1 0.279687 0.416406 0.040625 0.0359375
-1 0.275 0.174219 0.034375 0.0296875
-1 0.553125 0.551562 0.034375 0.028125
-1 0.289062 0.339062 0.0375 0.021875
-1 0.583594 0.0203125 0.0453125 0.040625
-1 0.378125 0.441406 0.03125 0.0265625
-1 0.4375 0.16875 0.0375 0.034375
-1 0.582812 0.585156 0.040625 0.0328125
-1 0.330469 0.340625 0.0359375 0.03125
-1 0.414062 0.451562 0.0375 0.0375
-1 0.429688 0.232031 0.0375 0.0359375
-1 0.588281 0.300781 0.0421875 0.0296875
-1 0.905469 0.3375 0.0359375 0.025
-1 0.664844 0.225781 0.0484375 0.0359375
-1 0.675781 0.514844 0.0390625 0.0359375
-1 0.991406 0.357812 0.0171875 0.03125
