-1 0.410938 0.297656 0.021875 0.0296875
-1 0.720313 0.647656 0.03125 0.0265625
-1 0.388281 0.463281 0.0234375 0.0203125
-1 0.0273438 0.0554687 0.0296875 0.0203125
-1 0.390625 0.379688 0.03125 0.03125
-1 0.578125 0.365625 0.028125 0.025
-1 0.0890625 0.101562 0.034375 0.03125
-1 0.99375 0.115625 0.0125 0.0375
-1 0.522656 0.310156 0.0296875 0.0296875
-1 0.459375 0.232813 0.025 0.028125
-1 0.38125 0.317188 0.025 0.021875
-1 0.996094 0.0828125 0.0078125 0.021875
-1 0.235937 0.0851563 0.028125 0.0328125
-1 0.938281 0.332031 0.0234375 0.0234375
-1 0.7875 0.735156 0.03125 0.0265625
-1 0.460938 0.090625 0.03125 0.034375
-1 0.774219 0.775781 0.0265625 0.0234375
-1 0.986719 0.149219 0.0234375 0.0203125
-1 0.771875 0.132031 0.0375 0.0265625
-1 0.8625 0.308594 0.028125 0.0234375
