-1 0.0242188 0.00859375 0.0359375 0.0171875
-1 0.260156 0.582031 0.0890625 0.0609375
-1 0.111719 0.124219 0.0640625 0.0671875
-1 0.324219 0.196094 0.104688 0.0890625
-1 0.301563 0.046875 0.059375 0.04375
-1 0.0234375 0.196875 0.046875 0.071875
-1 0.639062 0.255469 0.109375 0.0859375
-1 0.371094 0.246094 0.0609375 0.0734375
-1 0.178125 0.0914062 0.065625 0.0640625
-1 0.378125 0.255469 0.078125 0.0671875
-1 0.278906 0.167187 0.0859375 0.08125
-1 0.611719 0.441406 0.0859375 0.110937
-1 0.65 0.803125 0.09375 0.090625
-1 0.977344 0.733594 0.0453125 0.114062
-1 0.986719 0.175 0.0265625 0.071875
-1 0.653125 0.0046875 0.084375 0.009375
-1 0.880469 0.0273438 0.0734375 0.0546875
-1 0.822656 0.16875 0.0890625 0.06875
-1 0.934375 0.178906 0.08125 0.0703125
