-1 0.0210938 0.575781 0.0390625 0.0453125
-1 0.107813 0.7375 0.046875 0.028125
-1 0.134375 0.835938 0.059375 0.034375
-1 0.755469 0.935937 0.0578125 0.046875
-1 0.382031 0.933594 0.0765625 0.0640625
-1 0.630469 0.921875 0.0703125 0.05625
-1 0.817969 0.986719 0.104688 0.0265625
-1 0.522656 0.922656 0.0671875 0.0484375
-1 0.782813 0.9875 0.0875 0.025
-1 0.236719 0.814063 0.0546875 0.05
-1 0.421094 0.830469 0.0859375 0.0609375
-1 0.00390625 0.726562 0.0078125 0.04375
-1 0.0390625 0.850781 0.05625 0.0546875
