-1 0.200781 0.5625 0.0234375 0.028125
-1 0.835938 0.503125 0.040625 0.040625
-1 0.824219 0.774219 0.0359375 0.0359375
-1 0.142187 0.942969 0.05 0.0765625
-1 0.0640625 0.786719 0.040625 0.0453125
-1 0.113281 0.845313 0.0390625 0.053125
-1 0.451562 0.839063 0.0625 0.05625
-1 0.188281 0.965625 0.0609375 0.059375
-1 0.514844 0.813281 0.0546875 0.0359375
-1 0.400781 0.813281 0.0578125 0.0421875
-1 0.08125 0.942969 0.075 0.0453125
-1 0.911719 0.899219 0.0640625 0.0671875
-1 0.545312 0.926562 0.05 0.053125
-1 0.14375 0.807031 0.053125 0.0296875
-1 0.38125 0.690625 0.05 0.04375
-1 0.210938 0.8125 0.0375 0.046875
-1 0.196875 0.920312 0.059375 0.046875
-1 0.245312 0.90625 0.065625 0.053125
-1 0.275 0.944531 0.046875 0.0734375
-1 0.115625 0.984375 0.05625 0.03125
-1 0.278125 0.942969 0.034375 0.0484375
-1 0.339844 0.753125 0.0578125 0.05
-1 0.578906 0.6875 0.0484375 0.05625
-1 0.385937 0.857812 0.078125 0.05625
-1 0.802344 0.967969 0.0890625 0.0640625
-1 0.972656 0.866406 0.0546875 0.0640625
-1 0.4625 0.838281 0.05625 0.0578125
-1 0.659375 0.757812 0.059375 0.046875
-1 0.739062 0.958594 0.053125 0.0828125
-1 0.532031 0.916406 0.0453125 0.0421875
