-1 0.821094 0.575781 0.0390625 0.0453125
-1 0.907813 0.7375 0.046875 0.028125
-1 0.934375 0.835938 0.059375 0.034375
-1 0.375 0.772656 0.04375 0.0453125
-1 0.214844 0.95 0.0828125 0.071875
-1 0.253125 0.628125 0.059375 0.053125
-1 0.334375 0.705469 0.065625 0.0609375
-1 0.344531 0.714844 0.0734375 0.0609375
-1 0.519531 0.98125 0.0609375 0.0375
-1 0.277344 0.958594 0.0578125 0.0421875
-1 0.0804688 0.794531 0.0734375 0.0703125
-1 0.0335937 0.94375 0.0671875 0.06875
-1 0.35 0.744531 0.08125 0.0578125
-1 0.134375 0.953906 0.08125 0.0703125
-1 0.0273438 0.595313 0.0546875 0.0375
-1 0.564063 0.991406 0.071875 0.0171875
-1 0.640625 0.836719 0.0875 0.0640625
-1 0.335938 0.825781 0.053125 0.0515625
-1 0.344531 0.982812 0.0890625 0.034375
-1 0.398438 0.800781 0.075 0.0703125
-1 0.782031 0.726562 0.0515625 0.04375
-1 0.839063 0.850781 0.05625 0.0546875
-1 0.511719 0.921875 0.0734375 0.0625
-1 0.555469 0.851562 0.0890625 0.053125
-1 0.489844 0.795312 0.0796875 0.059375
-1 0.59375 0.771094 0.1 0.0640625
