-1 0.561719 0.421094 0.0828125 0.0921875
-1 0.824219 0.00859375 0.0359375 0.0171875
-1 0.142187 0.167969 0.05 0.0765625
-1 0.0132812 0.428906 0.0265625 0.0515625
-1 0.185938 0.403125 0.06875 0.0625
-1 0.0632812 0.346094 0.0828125 0.0859375
-1 0.0640625 0.0171875 0.040625 0.034375
-1 0.113281 0.0703125 0.0390625 0.053125
-1 0.361719 0.488281 0.0671875 0.0828125
-1 0.259375 0.271875 0.1 0.053125
-1 0.451562 0.0640625 0.0625 0.05625
-1 0.188281 0.190625 0.0609375 0.059375
-1 0.514844 0.0382813 0.0546875 0.0359375
-1 0.400781 0.0382813 0.0578125 0.0421875
-1 0.08125 0.167969 0.075 0.0453125
-1 0.911719 0.124219 0.0640625 0.0671875
-1 0.545312 0.151562 0.05 0.053125
-1 0.14375 0.0320312 0.053125 0.0296875
-1 0.210938 0.0375 0.0375 0.046875
-1 0.196875 0.145313 0.059375 0.046875
-1 0.245312 0.13125 0.065625 0.053125
-1 0.275 0.169531 0.046875 0.0734375
-1 0.372656 0.303906 0.0578125 0.0953125
-1 0.115625 0.222656 0.05625 0.0578125
-1 0.613281 0.401562 0.0546875 0.06875
-1 0.485156 0.29375 0.0859375 0.059375
-1 0.278125 0.167969 0.034375 0.0484375
-1 0.605469 0.278906 0.104688 0.0671875
-1 0.385937 0.0828125 0.078125 0.05625
-1 0.802344 0.196875 0.0890625 0.071875
-1 0.972656 0.0914062 0.0546875 0.0640625
-1 0.4625 0.0632812 0.05625 0.0578125
-1 0.659375 0.003125 0.059375 0.00625
-1 0.739062 0.184375 0.053125 0.084375
-1 0.532031 0.141406 0.0453125 0.0421875
