-1 0.134375 0.0609375 0.059375 0.034375
-1 0.0257812 0.370312 0.0515625 0.071875
-1 0.755469 0.160938 0.0578125 0.046875
-1 0.382031 0.158594 0.0765625 0.0640625
-1 0.559375 0.669531 0.1 0.126562
-1 0.457813 0.659375 0.128125 0.1125
-1 0.827344 0.497656 0.117188 0.0828125
-1 0.358594 0.541406 0.101562 0.104688
-1 0.630469 0.146875 0.0703125 0.05625
-1 0.817969 0.227344 0.104688 0.0578125
-1 0.0851563 0.617969 0.0859375 0.0859375
-1 0.522656 0.147656 0.0671875 0.0484375
-1 0.782813 0.228125 0.0875 0.05625
-1 0.679688 0.274219 0.1 0.0609375
-1 0.0609375 0.530469 0.06875 0.104688
-1 0.0757812 0.359375 0.0859375 0.075
-1 0.236719 0.0390625 0.0546875 0.05
-1 0.421094 0.0554687 0.0859375 0.0609375
-1 0.0390625 0.0757812 0.05625 0.0546875
