-1 0.934375 0.0609375 0.059375 0.034375
-1 0.813281 0.370312 0.0765625 0.071875
-1 0.375 0.0101563 0.04375 0.0203125
-1 0.197656 0.733594 0.0859375 0.114062
-1 0.214844 0.175 0.0828125 0.071875
-1 0.519531 0.224219 0.0609375 0.0734375
-1 0.277344 0.183594 0.0578125 0.0421875
-1 0.648438 0.382812 0.065625 0.1
-1 0.0804688 0.0273438 0.0734375 0.0546875
-1 0.0335937 0.16875 0.0671875 0.06875
-1 0.885156 0.617969 0.0859375 0.0859375
-1 0.134375 0.178906 0.08125 0.0703125
-1 0.860938 0.530469 0.06875 0.104688
-1 0.875781 0.359375 0.0859375 0.075
-1 0.751563 0.375781 0.09375 0.0765625
-1 0.564063 0.238281 0.071875 0.0609375
-1 0.486719 0.271875 0.101562 0.053125
-1 0.640625 0.0617188 0.0875 0.0640625
-1 0.335938 0.0507812 0.053125 0.0515625
-1 0.344531 0.228906 0.0890625 0.0765625
-1 0.398438 0.0304687 0.075 0.0609375
-1 0.839063 0.0757812 0.05625 0.0546875
-1 0.511719 0.146875 0.0734375 0.0625
-1 0.555469 0.0765625 0.0890625 0.053125
-1 0.489844 0.025 0.0796875 0.05
-1 0.59375 0.0140625 0.1 0.028125
