-1 0.994531 0.5625 0.0109375 0.028125
-1 0.0421875 0.967187 0.06875 0.046875
-1 0.467187 0.882031 0.05625 0.0484375
-1 0.942187 0.942969 0.05 0.0765625
-1 0.239844 0.964844 0.0578125 0.0640625
-1 0.433594 0.696875 0.0390625 0.034375
-1 0.579688 0.792969 0.05 0.0515625
-1 0.692187 0.782031 0.040625 0.0515625
-1 0.710938 0.939063 0.040625 0.05625
-1 0.744531 0.880469 0.0421875 0.0421875
-1 0.767188 0.815625 0.046875 0.046875
-1 0.864062 0.786719 0.040625 0.0453125
-1 0.913281 0.845313 0.0390625 0.053125
-1 0.978906 0.965625 0.0421875 0.059375
-1 0.88125 0.942969 0.075 0.0453125
-1 0.94375 0.807031 0.053125 0.0296875
-1 0.996094 0.8125 0.0078125 0.046875
-1 0.983594 0.920312 0.0328125 0.046875
-1 0.915625 0.984375 0.05625 0.03125
