-1 0.0359375 0.503125 0.040625 0.040625
-1 0.0242188 0.774219 0.0359375 0.0359375
-1 0.63125 0.676562 0.034375 0.028125
-1 0.111719 0.899219 0.0640625 0.0671875
-1 0.342187 0.551562 0.046875 0.04375
-1 0.324219 0.963281 0.104688 0.0734375
-1 0.301563 0.821875 0.059375 0.04375
-1 0.0234375 0.967969 0.046875 0.0640625
-1 0.639062 0.99375 0.109375 0.0125
-1 0.371094 0.992188 0.0609375 0.015625
-1 0.178125 0.866406 0.065625 0.0640625
-1 0.278906 0.942187 0.0859375 0.08125
-1 0.986719 0.95 0.0265625 0.071875
-1 0.395313 0.532813 0.059375 0.053125
-1 0.653125 0.757031 0.084375 0.0546875
-1 0.880469 0.794531 0.0734375 0.0703125
-1 0.822656 0.94375 0.0890625 0.06875
-1 0.934375 0.953906 0.08125 0.0703125
-1 0.823438 0.595313 0.0625 0.0375
-1 0.649219 0.595313 0.0609375 0.046875
-1 0.528125 0.716406 0.05625 0.0390625
-1 0.523438 0.629687 0.0625 0.040625
-1 0.551562 0.59375 0.053125 0.046875
-1 0.517969 0.573438 0.0453125 0.040625
-1 0.420312 0.703906 0.05625 0.0515625
-1 0.464844 0.65625 0.0515625 0.05
