-1 0.16875 0.810156 0.075 0.0984375
-1 0.0421875 0.192188 0.06875 0.046875
-1 0.467187 0.107031 0.05625 0.0484375
-1 0.644531 0.802344 0.110937 0.0859375
-1 0.942187 0.167969 0.05 0.0765625
-1 0.239844 0.189844 0.0578125 0.0640625
-1 0.760156 0.428906 0.132812 0.0515625
-1 0.975781 0.403125 0.0484375 0.0625
-1 0.579688 0.021875 0.05 0.04375
-1 0.863281 0.346094 0.0828125 0.0859375
-1 0.692187 0.0164063 0.040625 0.0328125
-1 0.710938 0.164062 0.040625 0.05625
-1 0.744531 0.105469 0.0421875 0.0421875
-1 0.767188 0.040625 0.046875 0.046875
-1 0.864062 0.0171875 0.040625 0.034375
-1 0.913281 0.0703125 0.0390625 0.053125
-1 0.978906 0.190625 0.0421875 0.059375
-1 0.88125 0.167969 0.075 0.0453125
-1 0.94375 0.0320312 0.053125 0.0296875
-1 0.996094 0.0375 0.0078125 0.046875
-1 0.983594 0.145313 0.0328125 0.046875
-1 0.915625 0.222656 0.05625 0.0578125
