-1 0.555469 0.160938 0.0578125 0.046875
-1 0.182031 0.158594 0.0765625 0.0640625
-1 0.359375 0.669531 0.1 0.126562
-1 0.257812 0.659375 0.128125 0.1125
-1 0.627344 0.497656 0.117188 0.0828125
-1 0.158594 0.541406 0.101562 0.104688
-1 0.430469 0.146875 0.0703125 0.05625
-1 0.617969 0.227344 0.104688 0.0578125
-1 0.322656 0.147656 0.0671875 0.0484375
-1 0.582812 0.228125 0.0875 0.05625
-1 0.479687 0.274219 0.1 0.0609375
-1 0.0367188 0.0390625 0.0546875 0.05
-1 0.221094 0.0554687 0.0859375 0.0609375
