-1 0.028125 0.440625 0.0375 0.025
-1 0.258594 0.564844 0.0359375 0.0296875
-1 0.0890625 0.1375 0.034375 0.028125
-1 0.195312 0.463281 0.0375 0.0515625
-1 0.003125 0.592187 0.00625 0.025
-1 0.454688 0.459375 0.04375 0.028125
-1 0.502344 0.609375 0.0390625 0.034375
-1 0.534375 0.347656 0.040625 0.0390625
-1 0.685156 0.664844 0.0359375 0.0234375
-1 0.615625 0.542188 0.040625 0.03125
-1 0.809375 0.434375 0.040625 0.034375
-1 0.741406 0.6875 0.0359375 0.025
-1 0.557031 0.620313 0.0453125 0.0375
-1 0.900781 0.61875 0.0421875 0.03125
-1 0.78125 0.614062 0.053125 0.034375
-1 0.915625 0.740625 0.046875 0.046875
-1 0.6 0.7875 0.05 0.046875
