-1 0.0585938 0.564844 0.0359375 0.0296875
-1 0.00703125 0.463281 0.0140625 0.0515625
-1 0.254688 0.459375 0.04375 0.028125
-1 0.302344 0.609375 0.0390625 0.034375
-1 0.334375 0.347656 0.040625 0.0390625
-1 0.485156 0.664844 0.0359375 0.0234375
-1 0.415625 0.542188 0.040625 0.03125
-1 0.609375 0.434375 0.040625 0.034375
-1 0.541406 0.6875 0.0359375 0.025
-1 0.357031 0.620313 0.0453125 0.0375
-1 0.700781 0.61875 0.0421875 0.03125
-1 0.58125 0.614062 0.053125 0.034375
-1 0.715625 0.740625 0.046875 0.046875
-1 0.4 0.7875 0.05 0.046875
-1 0.929688 0.51875 0.059375 0.06875
-1 0.977344 0.425781 0.0359375 0.0328125
-1 0.988281 0.4 0.0203125 0.028125
-1 0.982812 0.858594 0.021875 0.0140625
