-1 0.0820312 0.58125 0.0390625 0.025
-1 0.311719 0.553125 0.0296875 0.028125
-1 0.569531 0.577344 0.0296875 0.0328125
-1 0.395313 0.85 0.034375 0.0375
-1 0.705469 0.713281 0.0359375 0.0265625
-1 0.284375 0.742188 0.03125 0.028125
-1 0.938281 0.824219 0.0578125 0.0296875
-1 0.907031 0.935937 0.0359375 0.053125
-1 0.95625 0.970313 0.059375 0.0375
-1 0.996094 0.9875 0.0078125 0.025
-1 0.989844 0.914062 0.0203125 0.053125
-1 0.88125 0.860938 0.040625 0.040625
-1 0.719531 0.960938 0.0671875 0.053125
-1 0.525 0.695312 0.053125 0.05625
