-1 0.977344 0.322656 0.0453125 0.0421875
-1 0.974219 0.288281 0.0515625 0.0296875
-1 0.867188 0.2125 0.05625 0.0375
-1 0.839844 0.335156 0.0515625 0.0484375
-1 0.769531 0.370312 0.0453125 0.053125
-1 0.677344 0.316406 0.0671875 0.0328125
-1 0.617188 0.253125 0.065625 0.034375
-1 0.547656 0.374219 0.0671875 0.0421875
-1 0.532813 0.319531 0.071875 0.0296875
-1 0.460938 0.307031 0.03125 0.0296875
-1 0.464062 0.346875 0.05 0.034375
-1 0.299219 0.30625 0.0515625 0.053125
-1 0.3125 0.219531 0.046875 0.0234375
-1 0.138281 0.0492187 0.0578125 0.0296875
-1 0.107031 0.160938 0.0359375 0.053125
-1 0.15625 0.195312 0.059375 0.0375
-1 0.207031 0.21875 0.0296875 0.0375
-1 0.199219 0.139063 0.0390625 0.053125
-1 0.216406 0.183594 0.0296875 0.0265625
-1 0.226562 0.197656 0.034375 0.0265625
-1 0.08125 0.0859375 0.040625 0.040625
