-1 0.324219 0.282031 0.0265625 0.0234375
-1 0.238281 0.566406 0.0296875 0.0203125
-1 0.078125 0.853906 0.025 0.0359375
-1 0.0195312 0.860938 0.0359375 0.021875
-1 0.00546875 0.734375 0.0109375 0.025
-1 0.561719 0.639062 0.0359375 0.028125
-1 0.135937 0.903906 0.034375 0.0359375
-1 0.997656 0.90625 0.0046875 0.0375
-1 0.997656 0.867188 0.0046875 0.03125
-1 0.271094 0.907813 0.0265625 0.0375
-1 0.460156 0.746875 0.0359375 0.034375
-1 0.490625 0.910937 0.03125 0.034375
-1 0.81875 0.932031 0.0375 0.0265625
