-1 0.414062 0.299219 0.021875 0.0296875
-1 0.725 0.660937 0.028125 0.01875
-1 0.394531 0.461719 0.0296875 0.0234375
-1 0.078125 0.0539063 0.025 0.0359375
-1 0.39375 0.38125 0.03125 0.03125
-1 0.0195312 0.0609375 0.0359375 0.021875
-1 0.59375 0.363281 0.028125 0.0265625
-1 0.135937 0.103906 0.034375 0.0359375
-1 0.997656 0.10625 0.0046875 0.0375
-1 0.544531 0.319531 0.0296875 0.0296875
-1 0.457813 0.234375 0.025 0.028125
-1 0.398438 0.315625 0.025 0.021875
-1 0.997656 0.0671875 0.0046875 0.03125
-1 0.271094 0.107813 0.0265625 0.0375
-1 0.955469 0.325781 0.0234375 0.0234375
-1 0.832031 0.733594 0.0328125 0.0328125
-1 0.490625 0.110937 0.03125 0.034375
-1 0.813281 0.777344 0.0265625 0.0234375
-1 0.81875 0.132031 0.0375 0.0265625
-1 0.896875 0.308594 0.028125 0.0234375
