-1 0.978906 0.539062 0.0140625 0.0125
-1 0.258594 0.425 0.0140625 0.0125
-1 0.535156 0.373437 0.0140625 0.0125
-1 0.635156 0.345313 0.0140625 0.0125
-1 0.782031 0.3125 0.0140625 0.0125
-1 0.43125 0.591406 0.0125 0.0140625
-1 0.677344 0.55625 0.0140625 0.0125
-1 0.713281 0.55 0.0140625 0.0125
-1 0.740625 0.546094 0.015625 0.0140625
-1 0.764062 0.542188 0.0125 0.0125
-1 0.847656 0.545312 0.0140625 0.0125
-1 0.821875 0.53125 0.0125 0.0125
-1 0.860938 0.523438 0.0125 0.0125
-1 0.922656 0.516406 0.0140625 0.0140625
