-1 0.973437 0.539844 0.0125 0.0140625
-1 0.257031 0.426563 0.0140625 0.0125
-1 0.530469 0.375781 0.0109375 0.0109375
-1 0.627344 0.348438 0.0140625 0.0125
-1 0.775781 0.314063 0.0140625 0.0125
-1 0.428125 0.59375 0.0125 0.0125
-1 0.671094 0.560937 0.0140625 0.0125
-1 0.708594 0.553125 0.0140625 0.0125
-1 0.734375 0.549219 0.015625 0.0140625
-1 0.757812 0.545312 0.0125 0.0125
-1 0.841406 0.548438 0.0140625 0.0125
-1 0.81875 0.532813 0.0125 0.0125
-1 0.85625 0.526563 0.0125 0.0125
-1 0.916406 0.522656 0.0140625 0.0140625
