-1 0.03125 0.340625 0.025 0.021875
-1 0.0328125 0.421875 0.04375 0.028125
-1 0.0171875 0.164844 0.034375 0.0265625
-1 0.309375 0.528125 0.0375 0.0375
-1 0.339844 0.0046875 0.0265625 0.009375
-1 0.146875 0.392969 0.0375 0.0234375
-1 0.265625 0.115625 0.0375 0.034375
-1 0.339062 0.585938 0.04375 0.03125
-1 0.084375 0.31875 0.034375 0.025
-1 0.138281 0.407031 0.0359375 0.0265625
-1 0.239063 0.164844 0.0375 0.0359375
-1 0.299219 0.280469 0.0421875 0.0296875
-1 0.657031 0.351562 0.0359375 0.025
-1 0.377344 0.182031 0.0484375 0.0359375
-1 0.788281 0.825 0.0296875 0.028125
-1 0.386719 0.452344 0.0390625 0.0359375
-1 0.8375 0.883594 0.034375 0.0359375
-1 0.75 0.320312 0.0375 0.03125
-1 0.815625 0.264844 0.034375 0.0359375
-1 0.834375 0.516406 0.040625 0.0390625
