-1 0.0015625 0.310156 0.003125 0.0296875
-1 0.221875 0.440625 0.0375 0.034375
-1 0.366406 0.342187 0.0296875 0.03125
-1 0.169531 0.0078125 0.0328125 0.015625
-1 0.228125 0.249219 0.03125 0.0296875
-1 0.00625 0.394531 0.0125 0.0234375
-1 0.4 0.311719 0.040625 0.0234375
-1 0.471875 0.425781 0.040625 0.0359375
-1 0.469531 0.191406 0.0359375 0.0265625
-1 0.728906 0.554688 0.0359375 0.034375
-1 0.528906 0.372656 0.0234375 0.0203125
-1 0.777344 0.0507812 0.0484375 0.0328125
-1 0.56875 0.463281 0.034375 0.0484375
-1 0.598437 0.221875 0.0375 0.034375
-1 0.767188 0.596094 0.040625 0.0328125
-1 0.50625 0.372656 0.05 0.0328125
-1 0.63125 0.49375 0.0375 0.0375
-1 0.579688 0.286719 0.0375 0.0359375
-1 0.810156 0.333594 0.0421875 0.0296875
-1 0.891406 0.239844 0.0484375 0.0390625
-1 0.908594 0.560156 0.0421875 0.0390625
