-1 0.994531 0.535937 0.0109375 0.0125
-1 0.269531 0.41875 0.0140625 0.0125
-1 0.546094 0.36875 0.0140625 0.0125
-1 0.644531 0.342187 0.0140625 0.0125
-1 0.796094 0.307812 0.0140625 0.0125
-1 0.44375 0.588281 0.0125 0.0140625
-1 0.691406 0.553125 0.0140625 0.0125
-1 0.728906 0.548438 0.0140625 0.0125
-1 0.754687 0.541406 0.015625 0.0140625
-1 0.778125 0.5375 0.0125 0.0125
-1 0.861719 0.54375 0.0140625 0.0125
-1 0.839063 0.528125 0.0125 0.0125
-1 0.876563 0.520312 0.0125 0.0125
-1 0.941406 0.511719 0.0140625 0.0140625
