-1 0.096875 0.310156 0.021875 0.0296875
-1 0.357031 0.44375 0.0328125 0.025
-1 0.533594 0.379688 0.0296875 0.03125
-1 0.34375 0.0289063 0.046875 0.0390625
-1 0.401562 0.282031 0.025 0.0203125
-1 0.182031 0.438281 0.0296875 0.0296875
-1 0.6125 0.332031 0.040625 0.0234375
-1 0.6625 0.43125 0.040625 0.0375
-1 0.669531 0.219531 0.0359375 0.0265625
-1 0.904687 0.577344 0.0375 0.0234375
-1 0.714063 0.40625 0.034375 0.025
-1 0.979688 0.0945312 0.040625 0.0328125
-1 0.78125 0.510156 0.040625 0.0359375
-1 0.765625 0.260937 0.0375 0.034375
-1 0.975781 0.583594 0.0421875 0.0234375
-1 0.738281 0.428125 0.0328125 0.034375
-1 0.858594 0.541406 0.0390625 0.0234375
-1 0.760938 0.360156 0.0375 0.0359375
