-1 0.104688 0.577344 0.0375 0.0234375
-1 0.182812 0.0945312 0.046875 0.0328125
-1 0.175781 0.583594 0.0421875 0.0234375
-1 0.0585938 0.541406 0.0390625 0.0234375
-1 0.246875 0.3375 0.04375 0.04375
-1 0.501563 0.345313 0.0375 0.034375
-1 0.316406 0.279687 0.0515625 0.040625
-1 0.642188 0.828906 0.04375 0.0296875
-1 0.350781 0.597656 0.0421875 0.0328125
-1 0.714844 0.904687 0.0390625 0.028125
-1 0.645312 0.405469 0.05 0.0328125
-1 0.813281 0.354687 0.0484375 0.028125
-1 0.859375 0.600781 0.040625 0.0390625
-1 0.988281 0.527344 0.0234375 0.0328125
