-1 0.420312 0.302344 0.021875 0.0296875
-1 0.739062 0.675781 0.01875 0.0203125
-1 0.419531 0.453906 0.0296875 0.0234375
-1 0.0976562 0.0632812 0.0265625 0.0203125
-1 0.404687 0.385937 0.03125 0.03125
-1 0.110156 0.084375 0.0359375 0.021875
-1 0.626563 0.364844 0.028125 0.0234375
-1 0.228906 0.135156 0.0359375 0.0296875
-1 0.989062 0.084375 0.021875 0.034375
-1 0.586719 0.335156 0.0296875 0.0296875
-1 0.45625 0.239063 0.025 0.028125
-1 0.435937 0.314063 0.025 0.021875
-1 0.339062 0.134375 0.0375 0.034375
-1 0.990625 0.321094 0.01875 0.0234375
-1 0.913281 0.733594 0.0328125 0.0328125
-1 0.553906 0.138281 0.0328125 0.0328125
-1 0.858594 0.786719 0.0265625 0.0234375
-1 0.903906 0.120313 0.0359375 0.034375
-1 0.9625 0.313281 0.028125 0.0234375
