-1 0.8875 0.316406 0.040625 0.0328125
-1 0.882031 0.271875 0.0671875 0.071875
-1 0.811719 0.227344 0.0484375 0.0390625
-1 0.74375 0.316406 0.053125 0.0609375
-1 0.678906 0.361719 0.0703125 0.0390625
-1 0.600781 0.308594 0.0671875 0.0328125
-1 0.539062 0.246094 0.071875 0.0328125
-1 0.485156 0.360156 0.0359375 0.0390625
-1 0.464844 0.3 0.0546875 0.03125
-1 0.408594 0.28125 0.0328125 0.03125
-1 0.409375 0.323437 0.05625 0.03125
-1 0.253125 0.285156 0.046875 0.0484375
-1 0.270313 0.221094 0.040625 0.0296875
-1 0.0921875 0.0273438 0.05625 0.0546875
-1 0.06875 0.153125 0.0375 0.06875
-1 0.128125 0.180469 0.0375 0.0390625
-1 0.174219 0.207031 0.0515625 0.0515625
-1 0.164844 0.128125 0.0578125 0.025
-1 0.180469 0.161719 0.0296875 0.0265625
-1 0.195312 0.177344 0.034375 0.0265625
