-1 0.0671875 0.570312 0.025 0.034375
-1 0.275781 0.551562 0.0296875 0.028125
-1 0.549219 0.567969 0.0296875 0.0328125
-1 0.379688 0.840625 0.034375 0.0375
-1 0.683594 0.709375 0.0265625 0.028125
-1 0.26875 0.739062 0.01875 0.025
-1 0.892188 0.801562 0.05625 0.05625
-1 0.86875 0.928125 0.0375 0.06875
-1 0.928125 0.955469 0.0375 0.0390625
-1 0.974219 0.978125 0.0515625 0.04375
-1 0.964844 0.903125 0.0578125 0.025
-1 0.980469 0.936719 0.0296875 0.0265625
-1 0.989062 0.952344 0.021875 0.0265625
-1 0.514844 0.682813 0.0515625 0.053125
