-1 0.246094 0.519531 0.0359375 0.0328125
-1 0.275 0.00390625 0.0375 0.0078125
-1 0.0625 0.378906 0.0375 0.0234375
-1 0.234375 0.1125 0.0375 0.034375
-1 0.26875 0.576562 0.0375 0.0375
-1 0.0148437 0.301563 0.0296875 0.04375
-1 0.0726563 0.392969 0.0359375 0.0265625
-1 0.211719 0.1375 0.0296875 0.040625
-1 0.219531 0.285156 0.0421875 0.0296875
-1 0.597656 0.353125 0.0359375 0.025
-1 0.296875 0.165625 0.04375 0.028125
-1 0.719531 0.821875 0.0296875 0.028125
-1 0.311719 0.435156 0.0390625 0.0359375
-1 0.764062 0.877344 0.034375 0.0359375
-1 0.686719 0.301563 0.0359375 0.05
-1 0.735938 0.253906 0.0375 0.0359375
-1 0.757031 0.486719 0.0359375 0.0421875
-1 0.939063 0.434375 0.03125 0.034375
-1 0.967969 0.360156 0.0390625 0.0515625
