-1 0.124219 0.605469 0.0390625 0.0359375
-1 0.003125 0.446094 0.00625 0.0359375
-1 0.235937 0.177344 0.046875 0.0328125
-1 0.071875 0.566406 0.040625 0.0359375
-1 0.003125 0.351562 0.00625 0.034375
-1 0.245312 0.591406 0.046875 0.0265625
-1 0.0304687 0.471875 0.0484375 0.0375
-1 0.166406 0.607812 0.0359375 0.028125
-1 0.00234375 0.4875 0.0046875 0.040625
-1 0.360938 0.396094 0.05625 0.0328125
-1 0.570312 0.364063 0.034375 0.03125
-1 0.446094 0.303125 0.0515625 0.040625
-1 0.688281 0.839844 0.0453125 0.0234375
-1 0.472656 0.674219 0.0453125 0.0328125
-1 0.789062 0.910937 0.034375 0.028125
-1 0.749219 0.452344 0.0453125 0.0296875
-1 0.957812 0.401562 0.05 0.034375
