-1 0.0804688 0.377344 0.0328125 0.0234375
-1 0.115625 0.46875 0.040625 0.0375
-1 0.124219 0.277344 0.0390625 0.0328125
-1 0.324219 0.605469 0.0390625 0.0359375
-1 0.185938 0.446094 0.040625 0.0359375
-1 0.435937 0.177344 0.046875 0.0328125
-1 0.271875 0.566406 0.040625 0.0359375
-1 0.1875 0.351562 0.0375 0.034375
-1 0.445312 0.591406 0.046875 0.0265625
-1 0.230469 0.471875 0.0484375 0.0375
-1 0.366406 0.607812 0.0359375 0.028125
-1 0.185156 0.4875 0.0390625 0.040625
-1 0.560937 0.396094 0.05625 0.0328125
-1 0.770312 0.364063 0.034375 0.03125
-1 0.646094 0.303125 0.0515625 0.040625
-1 0.888281 0.839844 0.0453125 0.0234375
-1 0.672656 0.674219 0.0453125 0.0328125
-1 0.985938 0.910937 0.028125 0.028125
-1 0.949219 0.452344 0.0453125 0.0296875
