-1 0.38125 0.280469 0.021875 0.0296875
-1 0.741406 0.494531 0.0203125 0.0328125
-1 0.235937 0.492969 0.021875 0.0265625
-1 0.35625 0.346875 0.03125 0.03125
-1 0.374219 0.425781 0.0265625 0.0296875
-1 0.802344 0.196094 0.0359375 0.0234375
-1 0.386719 0.267969 0.0265625 0.0265625
-1 0.371875 0.246875 0.025 0.028125
-1 0.239844 0.350781 0.0328125 0.0203125
-1 0.732812 0.163281 0.0375 0.0328125
-1 0.790625 0.359375 0.025 0.021875
-1 0.301563 0.761719 0.03125 0.0265625
-1 0.386719 0.769531 0.0265625 0.0234375
-1 0.647656 0.114844 0.0328125 0.0296875
-1 0.298438 0.0679687 0.0375 0.0265625
-1 0.59375 0.304688 0.025 0.025
-1 0.809375 0.078125 0.034375 0.040625
-1 0.660937 0.378906 0.0375 0.0328125
