-1 0.460938 0.317969 0.021875 0.0296875
-1 0.660937 0.586719 0.025 0.0265625
-1 0.638281 0.35625 0.0203125 0.021875
-1 0.320312 0.167187 0.034375 0.025
-1 0.128125 0.257031 0.025 0.0296875
-1 0.492188 0.201563 0.028125 0.01875
-1 0.64375 0.409375 0.025 0.025
-1 0.569531 0.138281 0.0296875 0.0203125
-1 0.8625 0.482812 0.034375 0.034375
-1 0.480469 0.211719 0.0234375 0.0296875
-1 0.6875 0.314844 0.034375 0.0265625
-1 0.996094 0.0734375 0.0078125 0.03125
-1 0.8875 0.530469 0.04375 0.0296875
-1 0.685156 0.283594 0.0234375 0.0234375
-1 0.732812 0.350781 0.0375 0.0328125
-1 0.971875 0.0820312 0.028125 0.0265625
-1 0.825 0.260937 0.040625 0.0375
-1 0.902344 0.114062 0.0296875 0.03125
-1 0.919531 0.364844 0.0390625 0.0359375
