-1 0.0625 0.482812 0.034375 0.034375
-1 0.204687 0.0734375 0.025 0.03125
-1 0.0875 0.530469 0.04375 0.0296875
-1 0.171875 0.0820312 0.028125 0.0265625
-1 0.025 0.260937 0.040625 0.0375
-1 0.449219 0.333594 0.0234375 0.0234375
-1 0.102344 0.114062 0.0296875 0.03125
-1 0.561719 0.797656 0.0421875 0.0265625
-1 0.119531 0.364844 0.0390625 0.0359375
-1 0.567969 0.871875 0.0328125 0.025
-1 0.548438 0.263281 0.021875 0.0171875
-1 0.535937 0.199219 0.0375 0.0265625
-1 0.571875 0.440625 0.034375 0.025
-1 0.758594 0.383594 0.0359375 0.0234375
-1 0.775 0.335938 0.040625 0.03125
