-1 0.977344 0.346875 0.0453125 0.0625
-1 0.992969 0.154688 0.0140625 0.034375
-1 0.79375 0.307031 0.040625 0.0328125
-1 0.782031 0.266406 0.0546875 0.0390625
-1 0.753906 0.236719 0.0484375 0.0390625
-1 0.651563 0.299219 0.08125 0.0546875
-1 0.600781 0.354687 0.0609375 0.028125
-1 0.529687 0.292187 0.0375 0.0375
-1 0.464844 0.232813 0.0515625 0.0375
-1 0.4375 0.345313 0.028125 0.028125
-1 0.396875 0.280469 0.0375 0.0328125
-1 0.360938 0.252344 0.034375 0.0390625
-1 0.357812 0.285156 0.040625 0.0328125
-1 0.207813 0.265625 0.04375 0.04375
-1 0.230469 0.209375 0.0296875 0.025
-1 0.0476562 0.0320312 0.0578125 0.0296875
-1 0.0421875 0.1625 0.0625 0.04375
-1 0.0890625 0.163281 0.0375 0.0390625
-1 0.142187 0.196094 0.059375 0.0390625
-1 0.11875 0.113281 0.0375 0.0265625
-1 0.144531 0.139844 0.0296875 0.0265625
-1 0.165625 0.157031 0.034375 0.0265625
