-1 0.0546875 0.557813 0.025 0.034375
-1 0.235156 0.545312 0.0296875 0.028125
-1 0.528906 0.558594 0.0296875 0.0328125
-1 0.3625 0.821094 0.028125 0.0296875
-1 0.653906 0.695312 0.0234375 0.01875
-1 0.257031 0.719531 0.0171875 0.0234375
-1 0.847656 0.807031 0.0578125 0.0296875
-1 0.842187 0.9375 0.0625 0.04375
-1 0.889062 0.938281 0.0375 0.0390625
-1 0.942187 0.971094 0.059375 0.0390625
-1 0.91875 0.888281 0.0375 0.0265625
-1 0.944531 0.914844 0.0296875 0.0265625
-1 0.965625 0.932031 0.034375 0.0265625
-1 0.504687 0.671094 0.05 0.0484375
