-1 0.123438 0.503125 0.034375 0.028125
-1 0.213281 0.0867187 0.0453125 0.0328125
-1 0.147656 0.553125 0.0328125 0.025
-1 0.175781 0.101562 0.0296875 0.034375
-1 0.084375 0.275 0.05 0.028125
-1 0.496094 0.332813 0.0296875 0.025
-1 0.164844 0.129688 0.0296875 0.03125
-1 0.611719 0.8 0.0296875 0.028125
-1 0.171094 0.394531 0.0390625 0.0359375
-1 0.627344 0.876563 0.0328125 0.025
-1 0.591406 0.275 0.0203125 0.01875
-1 0.595313 0.210938 0.0375 0.0375
-1 0.626563 0.454688 0.034375 0.025
-1 0.813281 0.396094 0.0359375 0.0234375
-1 0.832812 0.339062 0.040625 0.03125
