-1 0.478125 0.317969 0.021875 0.0296875
-1 0.671875 0.564844 0.025 0.0265625
-1 0.678906 0.350781 0.0296875 0.0234375
-1 0.375 0.170313 0.034375 0.025
-1 0.178906 0.269531 0.0265625 0.0234375
-1 0.5375 0.214844 0.028125 0.0390625
-1 0.685937 0.4125 0.03125 0.025
-1 0.625 0.150781 0.03125 0.0296875
-1 0.923438 0.503125 0.034375 0.028125
-1 0.553125 0.232031 0.025 0.0203125
-1 0.739062 0.330469 0.034375 0.0265625
-1 0.995313 0.0867187 0.009375 0.0328125
-1 0.947656 0.553125 0.0328125 0.025
-1 0.729688 0.292187 0.034375 0.025
-1 0.767188 0.361719 0.0375 0.0328125
-1 0.975781 0.101562 0.0296875 0.034375
-1 0.884375 0.275 0.05 0.028125
-1 0.964844 0.129688 0.0296875 0.03125
-1 0.971094 0.394531 0.0390625 0.0359375
