-1 0.269531 0.555469 0.0453125 0.0484375
-1 0.429688 0.69375 0.03125 0.03125
-1 0.340625 0.785156 0.0625 0.0328125
-1 0.765625 0.838281 0.053125 0.0390625
-1 0.384375 0.839063 0.065625 0.075
-1 0.923438 0.984375 0.06875 0.03125
-1 0.0492187 0.707031 0.0734375 0.0609375
-1 0.959375 0.992188 0.08125 0.015625
-1 0.671094 0.905469 0.0765625 0.0546875
-1 0.0398437 0.919531 0.0671875 0.0671875
-1 0.753906 0.976562 0.0984375 0.046875
-1 0.61875 0.883594 0.071875 0.0703125
-1 0.711719 0.971094 0.0671875 0.0578125
-1 0.65 0.978125 0.0625 0.04375
-1 0.236719 0.985156 0.0640625 0.0296875
-1 0.725 0.774219 0.059375 0.0515625
-1 0.541406 0.752344 0.0578125 0.0609375
-1 0.4 0.753906 0.05 0.0546875
-1 0.1625 0.899219 0.0625 0.0609375
-1 0.158594 0.832031 0.0546875 0.0671875
-1 0.0710937 0.747656 0.0578125 0.0546875
-1 0.125 0.753906 0.08125 0.0484375
