-1 0.340625 0.0132812 0.0625 0.0265625
-1 0.120313 0.255469 0.065625 0.0640625
-1 0.765625 0.0632812 0.053125 0.0390625
-1 0.384375 0.0640625 0.065625 0.075
-1 0.56875 0.470313 0.078125 0.078125
-1 0.489844 0.399219 0.0796875 0.0953125
-1 0.457813 0.325781 0.103125 0.0859375
-1 0.923438 0.232031 0.06875 0.0765625
-1 0.374219 0.389062 0.0609375 0.05625
-1 0.959375 0.245312 0.08125 0.071875
-1 0.671094 0.130469 0.0765625 0.0546875
-1 0.0398437 0.144531 0.0671875 0.0671875
-1 0.0484375 0.25625 0.084375 0.065625
-1 0.753906 0.207813 0.0984375 0.059375
-1 0.403125 0.401562 0.078125 0.078125
-1 0.61875 0.108594 0.071875 0.0703125
-1 0.711719 0.196094 0.0671875 0.0578125
-1 0.65 0.210156 0.0625 0.0578125
-1 0.236719 0.227344 0.0640625 0.0640625
-1 0.725 0.0125 0.059375 0.025
-1 0.541406 0.00390625 0.0578125 0.0078125
-1 0.4 0.003125 0.05 0.00625
-1 0.1625 0.124219 0.0625 0.0609375
-1 0.158594 0.0570312 0.0546875 0.0671875
