-1 0.597656 0.658594 0.0453125 0.0484375
-1 0.7 0.778125 0.05 0.03125
-1 0.276562 0.846875 0.1 0.046875
-1 0.373437 0.932031 0.078125 0.0765625
-1 0.2875 0.94375 0.05625 0.075
-1 0.00390625 0.819531 0.0078125 0.0515625
-1 0.16875 0.960938 0.0875 0.078125
-1 0.0789062 0.928906 0.0640625 0.0828125
-1 0.542969 0.971875 0.0671875 0.05625
-1 0.660937 0.6125 0.053125 0.053125
-1 0.849219 0.707031 0.0734375 0.0609375
-1 0.703125 0.684375 0.09375 0.034375
-1 0.839844 0.919531 0.0671875 0.0671875
-1 0.746094 0.789844 0.0703125 0.0515625
-1 0.489063 0.728906 0.059375 0.0453125
-1 0.625781 0.750781 0.0578125 0.0578125
-1 0.7625 0.713281 0.06875 0.0703125
-1 0.732812 0.85 0.0625 0.053125
-1 0.9625 0.899219 0.0625 0.0609375
-1 0.958594 0.832031 0.0546875 0.0671875
-1 0.871094 0.747656 0.0578125 0.0546875
-1 0.925 0.753906 0.08125 0.0484375
