-1 0.4625 0.322656 0.071875 0.0390625
-1 0.0929688 0.525781 0.0484375 0.0578125
-1 0.157031 0.141406 0.0453125 0.0609375
-1 0.121094 0.29375 0.0609375 0.053125
-1 0.324219 0.273438 0.0515625 0.04375
-1 0.759375 0.414844 0.078125 0.0671875
-1 0.182031 0.25 0.0453125 0.084375
-1 0.021875 0.0867187 0.04375 0.0546875
-1 0.0289063 0.0453125 0.0328125 0.040625
-1 0.06875 0.0546875 0.0375 0.034375
-1 0.38125 0.317188 0.06875 0.059375
-1 0.289062 0.189062 0.0625 0.04375
-1 0.383594 0.107813 0.0609375 0.034375
-1 0.203125 0.108594 0.046875 0.0390625
-1 0.509375 0.0203125 0.04375 0.0375
-1 0.333594 0.0132812 0.0421875 0.0265625
-1 0.632031 0.0875 0.0578125 0.059375
-1 0.442188 0.0734375 0.059375 0.05625
-1 0.241406 0.102344 0.0453125 0.0421875
-1 0.151562 0.0859375 0.05625 0.059375
-1 0.295312 0.05625 0.06875 0.034375
-1 0.283594 0.126562 0.0484375 0.08125
-1 0.332031 0.178906 0.0609375 0.0546875
-1 0.6 0.154688 0.071875 0.053125
-1 0.561719 0.282813 0.0609375 0.05625
-1 0.517188 0.165625 0.046875 0.046875
-1 0.549219 0.182812 0.0453125 0.05
-1 0.733594 0.146094 0.0671875 0.0734375
-1 0.785156 0.0445313 0.0453125 0.0515625
-1 0.9625 0.190625 0.075 0.0875
-1 0.878906 0.153906 0.0640625 0.0828125
