-1 0.216406 0.560156 0.0234375 0.0265625
-1 0.646094 0.5125 0.0328125 0.040625
-1 0.699219 0.74375 0.0328125 0.028125
-1 0.157031 0.916406 0.0453125 0.0609375
-1 0.182031 0.991406 0.0453125 0.0171875
-1 0.021875 0.861719 0.04375 0.0546875
-1 0.0289063 0.820312 0.0328125 0.040625
-1 0.06875 0.829688 0.0375 0.034375
-1 0.0953125 0.739844 0.040625 0.0453125
-1 0.289062 0.964063 0.0625 0.04375
-1 0.383594 0.882812 0.0609375 0.034375
-1 0.203125 0.883594 0.046875 0.0390625
-1 0.509375 0.795312 0.04375 0.0375
-1 0.333594 0.776563 0.0421875 0.05
-1 0.632031 0.8625 0.0578125 0.059375
-1 0.442188 0.848437 0.059375 0.05625
-1 0.241406 0.877344 0.0453125 0.0421875
-1 0.151562 0.860938 0.05625 0.059375
-1 0.295312 0.83125 0.06875 0.034375
-1 0.283594 0.901563 0.0484375 0.08125
-1 0.332031 0.953906 0.0609375 0.0546875
-1 0.6 0.929688 0.071875 0.053125
-1 0.517188 0.940625 0.046875 0.046875
-1 0.549219 0.957812 0.0453125 0.05
-1 0.733594 0.921094 0.0671875 0.0734375
-1 0.785156 0.819531 0.0453125 0.0515625
-1 0.551562 0.717969 0.040625 0.0453125
-1 0.9625 0.960938 0.075 0.078125
-1 0.878906 0.928906 0.0640625 0.0828125
