-1 0.415625 0.545312 0.06875 0.053125
-1 0.417969 0.457813 0.0765625 0.06875
-1 0.232813 0.0859375 0.04375 0.0375
-1 0.585938 0.0390625 0.0375 0.034375
-1 0.892969 0.525781 0.0484375 0.0578125
-1 0.957031 0.141406 0.0453125 0.0609375
-1 0.471094 0.0742188 0.0421875 0.0453125
-1 0.921094 0.29375 0.0609375 0.053125
-1 0.521094 0.952344 0.0578125 0.0921875
-1 0.979688 0.25 0.040625 0.084375
-1 0.809375 0.0867187 0.06875 0.0546875
-1 0.828906 0.0453125 0.0328125 0.040625
-1 0.86875 0.0546875 0.0375 0.034375
-1 0.989844 0.108594 0.0203125 0.0390625
-1 0.951562 0.0859375 0.05625 0.059375
