-1 0.920312 0.255469 0.065625 0.0640625
-1 0.7 0.009375 0.05 0.01875
-1 0.276562 0.071875 0.1 0.046875
-1 0.373437 0.157031 0.078125 0.0765625
-1 0.2875 0.16875 0.05625 0.075
-1 0.00390625 0.0445313 0.0078125 0.0515625
-1 0.16875 0.190625 0.0875 0.0875
-1 0.0789062 0.153906 0.0640625 0.0828125
-1 0.440625 0.321094 0.08125 0.0796875
-1 0.467187 0.448437 0.065625 0.06875
-1 0.724219 0.466406 0.0546875 0.0609375
-1 0.542969 0.198437 0.0671875 0.059375
-1 0.839844 0.144531 0.0671875 0.0671875
-1 0.746094 0.0203125 0.0703125 0.040625
-1 0.848437 0.25625 0.084375 0.065625
-1 0.732812 0.075 0.0625 0.053125
-1 0.9625 0.124219 0.0625 0.0609375
-1 0.958594 0.0570312 0.0546875 0.0671875
