-1 0.396875 0.292969 0.021875 0.0296875
-1 0.725781 0.5625 0.0171875 0.015625
-1 0.344531 0.474219 0.0234375 0.0328125
-1 0.373437 0.365625 0.03125 0.03125
-1 0.482031 0.379688 0.0328125 0.028125
-1 0.923438 0.172656 0.03125 0.0296875
-1 0.441406 0.267969 0.0265625 0.0265625
-1 0.446875 0.234375 0.025 0.028125
-1 0.296094 0.34375 0.0140625 0.01875
-1 0.903125 0.128125 0.025 0.04375
-1 0.138281 0.0078125 0.0265625 0.015625
-1 0.852344 0.353906 0.0234375 0.0203125
-1 0.5875 0.744531 0.03125 0.0265625
-1 0.346094 0.0203125 0.0296875 0.040625
-1 0.582031 0.772656 0.0265625 0.0234375
-1 0.842187 0.161719 0.034375 0.0234375
-1 0.540625 0.0960938 0.0375 0.0265625
-1 0.714063 0.305469 0.034375 0.0265625
-1 0.946094 0.160938 0.0359375 0.034375
-1 0.865625 0.332813 0.03125 0.03125
