-1 0.246875 0.0664062 0.05625 0.0390625
-1 0.130469 0.421094 0.0765625 0.0609375
-1 0.899219 0.160938 0.0578125 0.046875
-1 0.500781 0.163281 0.104688 0.0859375
-1 0.749219 0.677344 0.185938 0.167187
-1 0.641406 0.651563 0.142187 0.134375
-1 0.528906 0.58125 0.126562 0.10625
-1 0.771875 0.142187 0.115625 0.059375
-1 0.95625 0.219531 0.0875 0.0578125
-1 0.177344 0.660156 0.0859375 0.0859375
-1 0.652344 0.173437 0.104688 0.06875
-1 0.932031 0.238281 0.0890625 0.0546875
-1 0.827344 0.29375 0.0765625 0.06875
-1 0.165625 0.584375 0.071875 0.090625
-1 0.192188 0.376563 0.0875 0.078125
-1 0.0953125 0.396094 0.10625 0.0765625
-1 0.300781 0.0429688 0.0515625 0.0546875
-1 0.532031 0.053125 0.0984375 0.059375
-1 0.0640625 0.0820312 0.065625 0.0546875
