-1 0.119531 0.860938 0.0671875 0.1
-1 0.0210938 0.207031 0.0421875 0.0828125
-1 0.452344 0.113281 0.0453125 0.0484375
-1 0.641406 0.848437 0.0671875 0.0875
-1 0.945312 0.180469 0.05 0.0765625
-1 0.20625 0.192969 0.05625 0.0515625
-1 0.721875 0.432812 0.115625 0.065625
-1 0.942969 0.432812 0.0578125 0.053125
-1 0.564844 0.0273438 0.0515625 0.0546875
-1 0.830469 0.388281 0.0671875 0.0796875
-1 0.685156 0.0242188 0.0390625 0.0484375
-1 0.689844 0.185938 0.0546875 0.05
-1 0.729688 0.111719 0.05625 0.0421875
-1 0.751563 0.0359375 0.046875 0.046875
-1 0.867969 0.0171875 0.0421875 0.034375
-1 0.905469 0.0773438 0.0390625 0.0578125
-1 0.975781 0.204687 0.0484375 0.059375
-1 0.883594 0.153125 0.0640625 0.046875
-1 0.944531 0.0367188 0.0546875 0.0484375
-1 0.884375 0.198437 0.05625 0.046875
-1 0.991406 0.053125 0.0171875 0.046875
-1 0.983594 0.152344 0.0328125 0.0453125
-1 0.919531 0.239063 0.0640625 0.0625
