-1 0.202344 0.560937 0.0234375 0.028125
-1 0.886719 0.492188 0.0390625 0.05625
-1 0.861719 0.766406 0.0703125 0.0328125
-1 0.145313 0.955469 0.05 0.0765625
-1 0.0679687 0.7875 0.0421875 0.04375
-1 0.105469 0.852344 0.0390625 0.0578125
-1 0.492969 0.83125 0.0765625 0.05625
-1 0.189844 0.975 0.0765625 0.05
-1 0.519531 0.815625 0.0484375 0.034375
-1 0.414062 0.801562 0.05 0.065625
-1 0.0835937 0.928125 0.0640625 0.046875
-1 0.967187 0.9 0.065625 0.075
-1 0.571094 0.938281 0.0515625 0.0546875
-1 0.144531 0.811719 0.0546875 0.0484375
-1 0.38125 0.7 0.05 0.04375
-1 0.084375 0.973437 0.05625 0.046875
-1 0.201563 0.828125 0.0375 0.046875
-1 0.201563 0.927344 0.06875 0.0453125
-1 0.248438 0.914062 0.04375 0.065625
-1 0.276562 0.957031 0.05625 0.0734375
-1 0.119531 0.991406 0.0640625 0.0171875
-1 0.2875 0.954688 0.04375 0.046875
-1 0.348438 0.75 0.05625 0.059375
-1 0.534375 0.710938 0.05 0.04375
-1 0.582031 0.697656 0.0546875 0.0671875
-1 0.40625 0.85625 0.059375 0.05625
-1 0.817187 0.973437 0.096875 0.053125
-1 0.995313 0.86875 0.009375 0.078125
-1 0.470313 0.849219 0.0625 0.0546875
-1 0.682813 0.765625 0.0625 0.05
-1 0.738281 0.980469 0.0546875 0.0390625
-1 0.552344 0.930469 0.0453125 0.0453125
