-1 0.0867187 0.492188 0.0390625 0.05625
-1 0.0617188 0.766406 0.0703125 0.0328125
-1 0.651563 0.68125 0.034375 0.028125
-1 0.16875 0.9 0.06875 0.075
-1 0.353125 0.554688 0.046875 0.04375
-1 0.421875 0.988281 0.10625 0.0234375
-1 0.29375 0.832031 0.065625 0.0671875
-1 0.0328125 0.973437 0.065625 0.053125
-1 0.404687 0.991406 0.06875 0.0171875
-1 0.223438 0.86875 0.065625 0.078125
-1 0.333594 0.926562 0.0921875 0.08125
-1 0.407813 0.534375 0.059375 0.053125
-1 0.692187 0.752344 0.090625 0.0484375
-1 0.928125 0.814063 0.06875 0.0625
-1 0.860938 0.958594 0.096875 0.0703125
-1 0.976562 0.941406 0.046875 0.0828125
-1 0.992188 0.832812 0.015625 0.046875
-1 0.871094 0.594531 0.0359375 0.0421875
-1 0.673438 0.635156 0.04375 0.0421875
-1 0.623437 0.611719 0.04375 0.0453125
-1 0.6875 0.599219 0.065625 0.0453125
-1 0.546875 0.725 0.075 0.0375
-1 0.542188 0.634375 0.05625 0.040625
-1 0.571875 0.591406 0.04375 0.0453125
-1 0.541406 0.585938 0.0484375 0.04375
-1 0.442188 0.704688 0.053125 0.05625
-1 0.483594 0.660937 0.0515625 0.05
