-1 0.0617188 0.00390625 0.0703125 0.0078125
-1 0.349219 0.597656 0.0953125 0.0828125
-1 0.16875 0.125 0.06875 0.075
-1 0.421875 0.232813 0.10625 0.0625
-1 0.29375 0.0570312 0.065625 0.0671875
-1 0.0328125 0.207813 0.065625 0.071875
-1 0.703906 0.278125 0.123438 0.0875
-1 0.404687 0.239844 0.06875 0.0640625
-1 0.223438 0.09375 0.065625 0.078125
-1 0.4375 0.274219 0.084375 0.0796875
-1 0.333594 0.151562 0.0921875 0.08125
-1 0.642969 0.465625 0.0859375 0.09375
-1 0.678125 0.865625 0.103125 0.103125
-1 0.989844 0.774219 0.0203125 0.104688
-1 0.928125 0.0390625 0.06875 0.0625
-1 0.860938 0.183594 0.096875 0.0703125
-1 0.976562 0.166406 0.046875 0.0828125
-1 0.992188 0.0578125 0.015625 0.046875
