-1 0.995313 0.560937 0.009375 0.028125
-1 0.0210938 0.970313 0.0421875 0.059375
-1 0.452344 0.888281 0.0453125 0.0484375
-1 0.945312 0.955469 0.05 0.0765625
-1 0.20625 0.967969 0.05625 0.0515625
-1 0.421094 0.696875 0.0421875 0.0375
-1 0.564844 0.801562 0.0515625 0.05625
-1 0.685156 0.792969 0.0390625 0.0609375
-1 0.689844 0.960938 0.0546875 0.05
-1 0.729688 0.886719 0.05625 0.0421875
-1 0.751563 0.810937 0.046875 0.046875
-1 0.867969 0.7875 0.0421875 0.04375
-1 0.905469 0.852344 0.0390625 0.0578125
-1 0.975781 0.975 0.0484375 0.05
-1 0.883594 0.928125 0.0640625 0.046875
-1 0.944531 0.811719 0.0546875 0.0484375
-1 0.884375 0.973437 0.05625 0.046875
-1 0.991406 0.828125 0.0171875 0.046875
-1 0.983594 0.927344 0.0328125 0.0453125
-1 0.919531 0.991406 0.0640625 0.0171875
