-1 0.930469 0.421094 0.0765625 0.0609375
-1 0.477344 0.00859375 0.0953125 0.0171875
-1 0.242188 0.774219 0.125 0.104688
-1 0.294531 0.195312 0.0703125 0.0625
-1 0.603125 0.240625 0.084375 0.075
-1 0.338281 0.2 0.0609375 0.05
-1 0.741406 0.414844 0.0796875 0.0890625
-1 0.128125 0.0390625 0.06875 0.0625
-1 0.0609375 0.183594 0.096875 0.0703125
-1 0.967187 0.660156 0.065625 0.0859375
-1 0.197656 0.166406 0.0890625 0.0828125
-1 0.207031 0.0578125 0.0453125 0.046875
-1 0.716406 0.569531 0.0734375 0.0796875
-1 0.964844 0.584375 0.0703125 0.090625
-1 0.974219 0.376563 0.0515625 0.078125
-1 0.895312 0.396094 0.10625 0.0765625
-1 0.68125 0.239063 0.121875 0.08125
-1 0.563281 0.264844 0.0765625 0.0859375
-1 0.680469 0.0539063 0.0546875 0.0609375
-1 0.407813 0.0515625 0.0625 0.053125
-1 0.4125 0.251563 0.071875 0.0875
-1 0.478906 0.0335937 0.0859375 0.0671875
-1 0.864062 0.0820312 0.065625 0.0546875
-1 0.575781 0.152344 0.0640625 0.0609375
-1 0.635156 0.0804688 0.0796875 0.0515625
-1 0.567187 0.0304687 0.065625 0.0609375
-1 0.680469 0.0171875 0.0828125 0.034375
