-1 0.596094 0.464062 0.0703125 0.05625
-1 0.861719 0.00390625 0.0703125 0.0078125
-1 0.145313 0.180469 0.05 0.0765625
-1 0.142969 0.432812 0.0578125 0.053125
-1 0.0320312 0.388281 0.0640625 0.0796875
-1 0.0679687 0.0171875 0.0421875 0.034375
-1 0.105469 0.0773438 0.0390625 0.0578125
-1 0.364844 0.514844 0.0671875 0.0828125
-1 0.259375 0.275 0.084375 0.05625
-1 0.492969 0.05625 0.0765625 0.05625
-1 0.189844 0.204687 0.0765625 0.059375
-1 0.519531 0.040625 0.0484375 0.034375
-1 0.414062 0.0296875 0.05 0.059375
-1 0.0835937 0.153125 0.0640625 0.046875
-1 0.967187 0.125 0.065625 0.075
-1 0.571094 0.163281 0.0515625 0.0546875
-1 0.144531 0.0367188 0.0546875 0.0484375
-1 0.084375 0.198437 0.05625 0.046875
-1 0.201563 0.053125 0.0375 0.046875
-1 0.201563 0.152344 0.06875 0.0453125
-1 0.248438 0.139063 0.04375 0.065625
-1 0.276562 0.182031 0.05625 0.0734375
-1 0.378125 0.328906 0.0625 0.0734375
-1 0.119531 0.239063 0.0640625 0.0625
-1 0.63125 0.420312 0.065625 0.0625
-1 0.492188 0.317969 0.071875 0.0734375
-1 0.2875 0.179688 0.04375 0.046875
-1 0.623437 0.303906 0.10625 0.0515625
-1 0.40625 0.08125 0.059375 0.05625
-1 0.817187 0.207813 0.096875 0.071875
-1 0.995313 0.09375 0.009375 0.078125
-1 0.470313 0.0742188 0.0625 0.0546875
-1 0.682813 0.0078125 0.0625 0.015625
-1 0.738281 0.221875 0.0546875 0.071875
-1 0.552344 0.155469 0.0453125 0.0453125
