-1 0.914062 0.603906 0.03125 0.0359375
-1 0.989062 0.753125 0.021875 0.03125
-1 0.477344 0.770312 0.0953125 0.04375
-1 0.294531 0.969531 0.0703125 0.0609375
-1 0.320312 0.641406 0.0625 0.0390625
-1 0.38125 0.707812 0.05625 0.059375
-1 0.425 0.721094 0.05625 0.0609375
-1 0.603125 0.989062 0.084375 0.021875
-1 0.338281 0.975 0.0609375 0.05
-1 0.128125 0.814063 0.06875 0.0625
-1 0.0609375 0.958594 0.096875 0.0703125
-1 0.417969 0.750781 0.0859375 0.0578125
-1 0.197656 0.941406 0.0890625 0.0828125
-1 0.207031 0.832812 0.0453125 0.046875
-1 0.0710937 0.594531 0.0359375 0.0421875
-1 0.68125 0.986719 0.121875 0.0265625
-1 0.680469 0.828906 0.0546875 0.0609375
-1 0.407813 0.826562 0.0625 0.053125
-1 0.4125 0.991406 0.071875 0.0171875
-1 0.478906 0.807813 0.0859375 0.06875
-1 0.860156 0.726562 0.0453125 0.034375
-1 0.864062 0.857031 0.065625 0.0546875
-1 0.575781 0.927344 0.0640625 0.0609375
-1 0.635156 0.855469 0.0796875 0.0515625
-1 0.567187 0.803125 0.065625 0.065625
-1 0.680469 0.778125 0.0828125 0.0625
