-1 0.046875 0.0664062 0.05625 0.0390625
-1 0.699219 0.160938 0.0578125 0.046875
-1 0.300781 0.163281 0.104688 0.0859375
-1 0.549219 0.677344 0.185938 0.167187
-1 0.441406 0.651563 0.142187 0.134375
-1 0.328906 0.58125 0.126562 0.10625
-1 0.571875 0.142187 0.115625 0.059375
-1 0.771875 0.219531 0.11875 0.0578125
-1 0.0101563 0.660156 0.0203125 0.0859375
-1 0.452344 0.173437 0.104688 0.06875
-1 0.732031 0.238281 0.0890625 0.0546875
-1 0.627344 0.29375 0.0765625 0.06875
-1 0.0179687 0.376563 0.0359375 0.078125
-1 0.100781 0.0429688 0.0515625 0.0546875
-1 0.332031 0.053125 0.0984375 0.059375
