-1 0.114062 0.603906 0.03125 0.0359375
-1 0.201563 0.753125 0.046875 0.03125
-1 0.246875 0.841406 0.05625 0.0390625
-1 0.899219 0.935937 0.0578125 0.046875
-1 0.500781 0.938281 0.104688 0.0859375
-1 0.771875 0.917188 0.115625 0.059375
-1 0.95625 0.982812 0.0875 0.034375
-1 0.652344 0.948438 0.104688 0.06875
-1 0.932031 0.992969 0.0890625 0.0140625
-1 0.300781 0.817969 0.0515625 0.0546875
-1 0.532031 0.828125 0.0984375 0.059375
-1 0.0601563 0.726562 0.0453125 0.034375
-1 0.0640625 0.857031 0.065625 0.0546875
