-1 0.9125 0.971875 0.05625 0.0375
-1 0.360938 0.986719 0.034375 0.0265625
-1 0.183594 0.848437 0.0671875 0.040625
-1 0.139063 0.944531 0.034375 0.0421875
-1 0.189844 0.982031 0.0578125 0.0359375
-1 0.257812 0.992188 0.04375 0.015625
-1 0.253125 0.936719 0.0375 0.0421875
-1 0.258594 0.986719 0.0296875 0.0265625
-1 0.2625 0.995313 0.034375 0.009375
-1 0.116406 0.871875 0.0453125 0.04375
-1 0.0609375 0.836719 0.046875 0.0453125
-1 0.025 0.838281 0.05 0.0578125
-1 0.0046875 0.795312 0.009375 0.046875
