-1 0.9125 0.196875 0.05625 0.0375
-1 0.944531 0.358594 0.0515625 0.0484375
-1 0.84375 0.394531 0.053125 0.0390625
-1 0.759375 0.316406 0.059375 0.0515625
-1 0.680469 0.259375 0.0453125 0.046875
-1 0.6125 0.379688 0.065625 0.05625
-1 0.600781 0.339844 0.0640625 0.0359375
-1 0.510938 0.325 0.03125 0.0375
-1 0.525781 0.376563 0.0546875 0.05
-1 0.355469 0.328125 0.0546875 0.04375
-1 0.360938 0.219531 0.034375 0.0421875
-1 0.183594 0.0734375 0.0671875 0.040625
-1 0.139063 0.169531 0.034375 0.0421875
-1 0.189844 0.209375 0.0578125 0.040625
-1 0.257812 0.227344 0.04375 0.0359375
-1 0.253125 0.161719 0.0375 0.0421875
-1 0.258594 0.211719 0.0296875 0.0265625
-1 0.2625 0.228906 0.034375 0.0265625
-1 0.116406 0.096875 0.0453125 0.04375
-1 0.0609375 0.0617188 0.046875 0.0453125
-1 0.025 0.0632812 0.05 0.0578125
-1 0.0046875 0.021875 0.009375 0.04375
