-1 0.110156 0.596875 0.0390625 0.025
-1 0.352344 0.5625 0.0296875 0.028125
-1 0.589844 0.588281 0.0296875 0.0328125
-1 0.582031 0.65625 0.0359375 0.03125
-1 0.410938 0.860938 0.034375 0.0375
-1 0.735938 0.705469 0.040625 0.0453125
-1 0.296875 0.751563 0.03125 0.028125
-1 0.975 0.848437 0.05 0.040625
-1 0.939063 0.944531 0.034375 0.0421875
-1 0.980469 0.982031 0.0390625 0.0359375
-1 0.916406 0.871875 0.0453125 0.04375
-1 0.599219 0.714063 0.0421875 0.046875
-1 0.740625 0.975781 0.075 0.0484375
-1 0.555469 0.923438 0.0671875 0.06875
-1 0.860938 0.836719 0.046875 0.0453125
-1 0.817187 0.838281 0.065625 0.0578125
-1 0.535156 0.707812 0.0546875 0.059375
-1 0.785937 0.795312 0.046875 0.046875
-1 0.475 0.647656 0.04375 0.0421875
