-1 0.0953125 0.582031 0.028125 0.0296875
-1 0.0359375 0.489844 0.04375 0.0359375
-1 0.307812 0.471875 0.04375 0.028125
-1 0.351562 0.630469 0.040625 0.0421875
-1 0.386719 0.36875 0.0421875 0.021875
-1 0.525 0.678906 0.0375 0.0265625
-1 0.457031 0.553906 0.0453125 0.0328125
-1 0.646875 0.475781 0.04375 0.0359375
-1 0.589063 0.698438 0.05 0.034375
-1 0.396094 0.655469 0.0515625 0.0484375
-1 0.757812 0.621875 0.04375 0.025
-1 0.663281 0.644531 0.0484375 0.0265625
-1 0.789062 0.754687 0.05 0.03125
-1 0.45 0.827344 0.05 0.0390625
-1 0.988281 0.553125 0.0203125 0.034375
