-1 0.0539063 0.445312 0.0296875 0.025
-1 0.295312 0.582031 0.028125 0.0296875
-1 0.13125 0.149219 0.034375 0.0234375
-1 0.235937 0.489844 0.04375 0.0359375
-1 0.0351562 0.604688 0.0328125 0.025
-1 0.507812 0.471875 0.04375 0.028125
-1 0.551562 0.630469 0.040625 0.0421875
-1 0.586719 0.36875 0.0421875 0.021875
-1 0.725 0.678906 0.0375 0.0265625
-1 0.657031 0.553906 0.0453125 0.0328125
-1 0.846875 0.475781 0.04375 0.0359375
-1 0.789062 0.698438 0.05 0.034375
-1 0.596094 0.655469 0.0515625 0.0484375
-1 0.957812 0.621875 0.04375 0.025
-1 0.863281 0.644531 0.0484375 0.0265625
-1 0.982031 0.754687 0.0359375 0.03125
-1 0.65 0.827344 0.05 0.0390625
