-1 0.151562 0.513281 0.03125 0.0265625
-1 0.0585938 0.430469 0.0421875 0.0265625
-1 0.3125 0.417969 0.034375 0.0265625
-1 0.354687 0.544531 0.034375 0.0328125
-1 0.371094 0.338281 0.0390625 0.0328125
-1 0.542969 0.639062 0.0328125 0.025
-1 0.448437 0.517188 0.046875 0.028125
-1 0.667969 0.310937 0.0421875 0.04375
-1 0.566406 0.644531 0.0359375 0.0328125
-1 0.402344 0.5 0.0359375 0.0375
-1 0.714844 0.597656 0.0484375 0.0453125
-1 0.55625 0.538281 0.05 0.0265625
-1 0.696094 0.684375 0.0546875 0.040625
-1 0.430469 0.666406 0.0421875 0.0390625
-1 0.903906 0.453125 0.0578125 0.034375
-1 0.98125 0.361719 0.0375 0.0421875
-1 0.992188 0.764062 0.015625 0.028125
