-1 0.1125 0.417969 0.034375 0.0265625
-1 0.154688 0.544531 0.034375 0.0328125
-1 0.171094 0.338281 0.0390625 0.0328125
-1 0.342969 0.639062 0.0328125 0.025
-1 0.248438 0.517188 0.046875 0.028125
-1 0.467969 0.310937 0.0421875 0.04375
-1 0.366406 0.644531 0.0359375 0.0328125
-1 0.202344 0.5 0.0359375 0.0375
-1 0.514844 0.597656 0.0484375 0.0453125
-1 0.35625 0.538281 0.05 0.0265625
-1 0.496094 0.684375 0.0546875 0.040625
-1 0.230469 0.666406 0.0421875 0.0390625
-1 0.703906 0.453125 0.0578125 0.034375
-1 0.840625 0.391406 0.0375 0.0328125
-1 0.789062 0.361719 0.053125 0.0421875
-1 0.869531 0.844531 0.0453125 0.0234375
-1 0.809375 0.764062 0.05 0.028125
-1 0.96875 0.873437 0.034375 0.028125
