-1 0.983594 0.539062 0.0140625 0.0125
-1 0.261719 0.423438 0.0140625 0.0125
-1 0.538281 0.371875 0.0140625 0.0125
-1 0.639844 0.34375 0.0140625 0.0125
-1 0.786719 0.310937 0.0140625 0.0125
-1 0.435937 0.589844 0.0125 0.0140625
-1 0.682031 0.55625 0.0140625 0.0125
-1 0.719531 0.548438 0.0140625 0.0125
-1 0.74375 0.544531 0.015625 0.0140625
-1 0.76875 0.540625 0.0125 0.0125
-1 0.850781 0.545312 0.0140625 0.0125
-1 0.828125 0.53125 0.0125 0.0125
-1 0.865625 0.521875 0.0125 0.0125
-1 0.930469 0.514844 0.0140625 0.0140625
