-1 0.935937 0.446875 0.046875 0.040625
-1 0.946875 0.409375 0.0625 0.05
-1 0.764062 0.354687 0.046875 0.05
-1 0.907031 0.467187 0.0578125 0.053125
-1 0.624219 0.396094 0.0671875 0.0453125
-1 0.590625 0.245312 0.090625 0.04375
-1 0.435156 0.138281 0.0484375 0.0421875
-1 0.339062 0.183594 0.053125 0.0328125
-1 0.373437 0.271875 0.040625 0.040625
-1 0.515625 0.321875 0.059375 0.034375
-1 0.491406 0.210938 0.0609375 0.05
-1 0.521875 0.26875 0.034375 0.034375
-1 0.442188 0.289062 0.03125 0.04375
-1 0.542969 0.40625 0.0328125 0.0625
-1 0.321094 0.149219 0.0265625 0.0515625
-1 0.0773438 0.274219 0.0734375 0.0609375
-1 0.133594 0.242188 0.0703125 0.075
-1 0.242188 0.127344 0.06875 0.0515625
-1 0.169531 0.0804688 0.0796875 0.0734375
-1 0.160938 0.102344 0.0625 0.0453125
-1 0.0640625 0.075 0.059375 0.046875
