-1 0.479687 0.1375 0.0375 0.075
-1 0.34375 0.0109375 0.03125 0.021875
-1 0.071875 0.825781 0.09375 0.0578125
-1 0.2875 0.065625 0.059375 0.065625
-1 0.213281 0.0234375 0.0328125 0.046875
-1 0.125781 0.0914062 0.0546875 0.0546875
-1 0.691406 0.00234375 0.0609375 0.0046875
-1 0.286719 0.148438 0.0546875 0.04375
-1 0.35625 0.123438 0.05625 0.0625
-1 0.877344 0.274219 0.0734375 0.0609375
-1 0.933594 0.242188 0.0703125 0.075
-1 0.633594 0.195312 0.0671875 0.06875
-1 0.964844 0.0804688 0.0703125 0.0734375
-1 0.73125 0.185156 0.0875 0.0515625
-1 0.960938 0.102344 0.0625 0.0453125
-1 0.864062 0.075 0.059375 0.046875
-1 0.528906 0.0570312 0.0890625 0.0546875
-1 0.421094 0.126562 0.0546875 0.065625
