-1 0.234375 0.629687 0.040625 0.034375
-1 0.530469 0.56875 0.0296875 0.028125
-1 0.732031 0.619531 0.0328125 0.0421875
-1 0.675 0.696875 0.034375 0.040625
-1 0.479687 0.9125 0.0375 0.075
-1 0.902344 0.742969 0.0390625 0.0578125
-1 0.34375 0.782813 0.03125 0.028125
-1 0.2875 0.840625 0.059375 0.065625
-1 0.213281 0.798438 0.0328125 0.046875
-1 0.125781 0.866406 0.0546875 0.0546875
-1 0.691406 0.757031 0.0609375 0.0453125
-1 0.286719 0.923438 0.0546875 0.04375
-1 0.35625 0.898438 0.05625 0.0625
-1 0.933594 0.989844 0.0703125 0.0203125
-1 0.633594 0.967969 0.0671875 0.0640625
-1 0.964844 0.855469 0.0703125 0.0734375
-1 0.610156 0.721094 0.0671875 0.0671875
-1 0.73125 0.960156 0.0875 0.0515625
-1 0.960938 0.877344 0.0625 0.0453125
-1 0.864062 0.85 0.059375 0.046875
-1 0.492969 0.636719 0.0421875 0.0390625
-1 0.528906 0.832031 0.0890625 0.0546875
-1 0.483594 0.734375 0.0609375 0.05
-1 0.421094 0.901563 0.0546875 0.065625
