-1 0.378125 0.271094 0.021875 0.0296875
-1 0.6875 0.504687 0.021875 0.03125
-1 0.05625 0.532031 0.021875 0.0203125
-1 0.345313 0.340625 0.03125 0.03125
-1 0.285156 0.464844 0.0265625 0.0296875
-1 0.646094 0.230469 0.0359375 0.0203125
-1 0.326562 0.311719 0.028125 0.0234375
-1 0.332031 0.257031 0.0203125 0.0203125
-1 0.202344 0.360156 0.0234375 0.0265625
-1 0.504687 0.132812 0.0375 0.034375
-1 0.728125 0.409375 0.025 0.021875
-1 0.0539063 0.775 0.0265625 0.025
-1 0.139063 0.810156 0.025 0.0296875
-1 0.447656 0.0507812 0.0328125 0.0296875
-1 0.03125 0.0125 0.0375 0.025
-1 0.480469 0.3625 0.0453125 0.021875
-1 0.657813 0.0140625 0.034375 0.028125
-1 0.427344 0.432031 0.0328125 0.0265625
