-1 0.517188 0.422656 0.06875 0.0921875
-1 0.800781 0.0046875 0.0359375 0.009375
-1 0.139063 0.157031 0.05 0.0765625
-1 0.01875 0.411719 0.0375 0.0515625
-1 0.229687 0.375 0.08125 0.071875
-1 0.975 0.542969 0.05 0.0796875
-1 0.075 0.339062 0.06875 0.075
-1 0.00234375 0.040625 0.0046875 0.046875
-1 0.0640625 0.0101563 0.040625 0.0203125
-1 0.121094 0.0640625 0.0390625 0.046875
-1 0.360156 0.463281 0.0671875 0.0828125
-1 0.260156 0.267188 0.0421875 0.05625
-1 0.410156 0.0703125 0.0484375 0.05625
-1 0.186719 0.177344 0.0453125 0.0609375
-1 0.510938 0.0367188 0.0625 0.0359375
-1 0.389062 0.0320312 0.059375 0.0515625
-1 0.0789062 0.160156 0.0609375 0.0453125
-1 0.855469 0.123438 0.0578125 0.059375
-1 0.519531 0.139844 0.0484375 0.0515625
-1 0.144531 0.0171875 0.0546875 0.034375
-1 0.221875 0.0226562 0.0375 0.0453125
-1 0.192969 0.139063 0.0484375 0.046875
-1 0.242188 0.125 0.0875 0.040625
-1 0.288281 0.165625 0.0734375 0.0625
-1 0.36875 0.297656 0.096875 0.0578125
-1 0.989844 0.201563 0.0203125 0.08125
-1 0.117188 0.214062 0.046875 0.053125
-1 0.61875 0.360156 0.078125 0.0765625
-1 0.484375 0.275 0.071875 0.05625
-1 0.28125 0.150781 0.05 0.0515625
-1 0.588281 0.255469 0.104688 0.0828125
-1 0.365625 0.084375 0.096875 0.05625
-1 0.7875 0.186719 0.08125 0.0734375
-1 0.933594 0.0890625 0.0671875 0.05
-1 0.454688 0.0523438 0.05 0.0609375
-1 0.741406 0.159375 0.0546875 0.071875
-1 0.511719 0.128125 0.0453125 0.040625
