-1 0.2 0.564844 0.021875 0.0265625
-1 0.799219 0.502344 0.0296875 0.0421875
-1 0.800781 0.767188 0.0359375 0.034375
-1 0.139063 0.932031 0.05 0.0765625
-1 0.00234375 0.815625 0.0046875 0.046875
-1 0.0640625 0.772656 0.040625 0.0453125
-1 0.121094 0.839063 0.0390625 0.046875
-1 0.410156 0.845313 0.0484375 0.05625
-1 0.186719 0.952344 0.0453125 0.0609375
-1 0.510938 0.811719 0.0625 0.0359375
-1 0.389062 0.807031 0.059375 0.0515625
-1 0.0789062 0.935156 0.0609375 0.0453125
-1 0.855469 0.898438 0.0578125 0.059375
-1 0.519531 0.914844 0.0484375 0.0515625
-1 0.144531 0.785156 0.0546875 0.0484375
-1 0.375781 0.682813 0.0484375 0.04375
-1 0.221875 0.796875 0.0375 0.046875
-1 0.192969 0.914062 0.0484375 0.046875
-1 0.242188 0.9 0.0875 0.040625
-1 0.288281 0.940625 0.0734375 0.0625
-1 0.989844 0.967969 0.0203125 0.0640625
-1 0.117188 0.98125 0.046875 0.0375
-1 0.28125 0.925781 0.05 0.0515625
-1 0.341406 0.735938 0.0578125 0.05
-1 0.588281 0.994531 0.104688 0.0109375
-1 0.575781 0.678125 0.0421875 0.046875
-1 0.365625 0.859375 0.096875 0.05625
-1 0.7875 0.961719 0.08125 0.0734375
-1 0.933594 0.864062 0.0671875 0.05
-1 0.454688 0.827344 0.05 0.0609375
-1 0.635938 0.750781 0.05625 0.0421875
-1 0.741406 0.934375 0.0546875 0.071875
-1 0.511719 0.903125 0.0453125 0.040625
