-1 0.00703125 0.502344 0.0140625 0.0421875
-1 0.009375 0.767188 0.01875 0.034375
-1 0.6125 0.673438 0.034375 0.028125
-1 0.0554687 0.898438 0.0578125 0.059375
-1 0.33125 0.55 0.046875 0.04375
-1 0.225781 0.967969 0.0921875 0.0640625
-1 0.294531 0.803906 0.0515625 0.0703125
-1 0.0140625 0.961719 0.028125 0.0734375
-1 0.595313 0.982812 0.1375 0.034375
-1 0.349219 0.982031 0.0609375 0.0359375
-1 0.133594 0.864062 0.0671875 0.05
-1 0.327344 0.992969 0.0734375 0.0140625
-1 0.239844 0.939063 0.0859375 0.08125
-1 0.924219 0.972656 0.117188 0.0546875
-1 0.980469 0.627344 0.0390625 0.0484375
-1 0.379688 0.53125 0.059375 0.053125
-1 0.992969 0.924219 0.0140625 0.0546875
-1 0.625 0.753906 0.06875 0.0546875
-1 0.817187 0.800781 0.08125 0.0578125
-1 0.785156 0.930469 0.0796875 0.0671875
-1 0.904687 0.936719 0.08125 0.0703125
-1 0.7875 0.597656 0.05 0.0453125
-1 0.611719 0.592187 0.0578125 0.046875
-1 0.510156 0.708594 0.0390625 0.0390625
-1 0.53125 0.596875 0.0625 0.046875
-1 0.496094 0.561719 0.0421875 0.0359375
-1 0.399219 0.703125 0.0609375 0.046875
