-1 0.414844 0.135937 0.0578125 0.046875
-1 0.0359375 0.147656 0.06875 0.0609375
-1 0.221094 0.629687 0.139063 0.128125
-1 0.103125 0.592187 0.10625 0.09375
-1 0.413281 0.447656 0.126562 0.117188
-1 0.724219 0.316406 0.120313 0.0890625
-1 0.0390625 0.504687 0.078125 0.10625
-1 0.746875 0.346875 0.103125 0.071875
-1 0.310937 0.129688 0.0625 0.05
-1 0.461719 0.209375 0.0890625 0.05625
-1 0.210938 0.142187 0.06875 0.05625
-1 0.434375 0.21875 0.084375 0.05625
-1 0.346875 0.267188 0.065625 0.071875
-1 0.0078125 0.0328125 0.015625 0.04375
-1 0.108594 0.0429688 0.0734375 0.0609375
