-1 0.733594 0.578906 0.0421875 0.0359375
-1 0.814063 0.717969 0.053125 0.0296875
-1 0.835938 0.825 0.04375 0.053125
-1 0.307031 0.764844 0.0453125 0.0578125
-1 0.124219 0.972656 0.117188 0.0546875
-1 0.190625 0.627344 0.059375 0.0484375
-1 0.288281 0.703906 0.0734375 0.0609375
-1 0.264844 0.709375 0.0921875 0.0625
-1 0.460156 0.969531 0.107813 0.0609375
-1 0.214844 0.924219 0.0578125 0.0546875
-1 0.0289063 0.800781 0.0578125 0.0578125
-1 0.0125 0.930469 0.025 0.0671875
-1 0.282031 0.738281 0.0765625 0.0578125
-1 0.104688 0.936719 0.08125 0.0703125
-1 0.00625 0.597656 0.0125 0.0453125
-1 0.594531 0.842187 0.0640625 0.05
-1 0.277344 0.814063 0.0546875 0.04375
-1 0.979688 0.807813 0.040625 0.04375
-1 0.280469 0.989062 0.0734375 0.021875
-1 0.33125 0.796094 0.075 0.0703125
-1 0.715625 0.733594 0.04375 0.0515625
-1 0.794531 0.829688 0.0484375 0.05625
-1 0.449219 0.917188 0.0828125 0.0625
-1 0.489844 0.849219 0.0703125 0.0546875
-1 0.411719 0.795312 0.0921875 0.059375
-1 0.50625 0.775781 0.065625 0.0640625
