-1 0.216406 0.740625 0.0578125 0.1125
-1 0.08125 0.192188 0.06875 0.046875
-1 0.480469 0.103125 0.0359375 0.05
-1 0.692969 0.757812 0.0671875 0.0875
-1 0.939063 0.157031 0.05 0.0765625
-1 0.0164063 0.214062 0.0328125 0.053125
-1 0.274219 0.1875 0.0578125 0.075
-1 0.782813 0.411719 0.109375 0.0515625
-1 0.994531 0.375 0.0109375 0.071875
-1 0.595313 0.0164063 0.046875 0.0328125
-1 0.875 0.339062 0.06875 0.075
-1 0.7 0.00859375 0.040625 0.0171875
-1 0.721875 0.175 0.0875 0.040625
-1 0.755469 0.0898438 0.0609375 0.0515625
-1 0.78125 0.040625 0.046875 0.046875
-1 0.864062 0.0101563 0.040625 0.0203125
-1 0.921094 0.0640625 0.0390625 0.046875
-1 0.982031 0.177344 0.0359375 0.0609375
-1 0.878906 0.160156 0.0609375 0.0453125
-1 0.944531 0.0171875 0.0546875 0.034375
-1 0.984375 0.139063 0.03125 0.046875
-1 0.917188 0.214062 0.046875 0.053125
