-1 0.009375 0.0046875 0.01875 0.009375
-1 0.191406 0.542969 0.0828125 0.0796875
-1 0.0554687 0.123438 0.0578125 0.059375
-1 0.225781 0.201563 0.0921875 0.08125
-1 0.294531 0.0320312 0.0515625 0.0640625
-1 0.0140625 0.186719 0.028125 0.0734375
-1 0.595313 0.233594 0.1375 0.0859375
-1 0.349219 0.225781 0.0609375 0.0734375
-1 0.133594 0.0890625 0.0671875 0.05
-1 0.327344 0.248438 0.0734375 0.075
-1 0.239844 0.164062 0.0859375 0.08125
-1 0.58125 0.417969 0.0875 0.129688
-1 0.621875 0.741406 0.084375 0.0765625
-1 0.952344 0.688281 0.0859375 0.114062
-1 0.924219 0.20625 0.117188 0.071875
-1 0.992969 0.149219 0.0140625 0.0546875
-1 0.625 0.003125 0.06875 0.00625
-1 0.817187 0.0273438 0.08125 0.0546875
-1 0.785156 0.155469 0.0796875 0.0671875
-1 0.904687 0.161719 0.08125 0.0703125
