-1 0.0359375 0.05 0.04375 0.053125
-1 0.614844 0.135937 0.0578125 0.046875
-1 0.235937 0.147656 0.06875 0.0609375
-1 0.421094 0.629687 0.139063 0.128125
-1 0.303125 0.592187 0.10625 0.09375
-1 0.613281 0.447656 0.126562 0.117188
-1 0.924219 0.316406 0.120313 0.0890625
-1 0.214844 0.504687 0.126562 0.10625
-1 0.946875 0.346875 0.103125 0.071875
-1 0.510938 0.129688 0.0625 0.05
-1 0.661719 0.209375 0.0890625 0.05625
-1 0.0179687 0.575781 0.0359375 0.0859375
-1 0.410938 0.142187 0.06875 0.05625
-1 0.634375 0.21875 0.084375 0.05625
-1 0.546875 0.267188 0.065625 0.071875
-1 0.0132812 0.502344 0.0265625 0.0734375
-1 0.1875 0.0328125 0.05625 0.04375
-1 0.308594 0.0429688 0.0734375 0.0609375
-1 0.009375 0.0546875 0.01875 0.05625
