-1 0.835938 0.05 0.04375 0.053125
-1 0.701562 0.369531 0.078125 0.0515625
-1 0.307031 0.009375 0.0453125 0.01875
-1 0.152344 0.688281 0.0859375 0.114062
-1 0.124219 0.20625 0.117188 0.071875
-1 0.975781 0.504687 0.0484375 0.10625
-1 0.460156 0.201563 0.107813 0.075
-1 0.214844 0.149219 0.0578125 0.0546875
-1 0.565625 0.367969 0.096875 0.0796875
-1 0.0289063 0.0273438 0.0578125 0.0546875
-1 0.0125 0.155469 0.025 0.0671875
-1 0.792969 0.575781 0.0859375 0.0859375
-1 0.104688 0.161719 0.08125 0.0703125
-1 0.772656 0.502344 0.107813 0.0734375
-1 0.765625 0.345313 0.075 0.075
-1 0.623437 0.339844 0.09375 0.0765625
-1 0.405469 0.260937 0.0578125 0.059375
-1 0.594531 0.0671875 0.0640625 0.05
-1 0.277344 0.0390625 0.0546875 0.04375
-1 0.979688 0.0328125 0.040625 0.04375
-1 0.280469 0.225781 0.0734375 0.0453125
-1 0.33125 0.028125 0.075 0.05625
-1 0.794531 0.0546875 0.0484375 0.05625
-1 0.449219 0.142187 0.0828125 0.0625
-1 0.489844 0.0742188 0.0703125 0.0546875
-1 0.411719 0.025 0.0921875 0.05
-1 0.50625 0.0164063 0.065625 0.0328125
