-1 0.994531 0.564844 0.0109375 0.0265625
-1 0.08125 0.967187 0.06875 0.046875
-1 0.480469 0.878125 0.0359375 0.05
-1 0.939063 0.932031 0.05 0.0765625
-1 0.0164063 0.98125 0.0328125 0.0375
-1 0.274219 0.9625 0.0578125 0.075
-1 0.450781 0.6875 0.0390625 0.034375
-1 0.595313 0.784375 0.046875 0.046875
-1 0.7 0.771875 0.040625 0.040625
-1 0.721875 0.95 0.0875 0.040625
-1 0.755469 0.864844 0.0609375 0.0515625
-1 0.78125 0.815625 0.046875 0.046875
-1 0.864062 0.772656 0.040625 0.0453125
-1 0.921094 0.839063 0.0390625 0.046875
-1 0.982031 0.952344 0.0359375 0.0609375
-1 0.878906 0.935156 0.0609375 0.0453125
-1 0.944531 0.785156 0.0546875 0.0484375
-1 0.984375 0.914062 0.03125 0.046875
-1 0.917188 0.98125 0.046875 0.0375
