-1 0.404687 0.296094 0.021875 0.0296875
-1 0.71875 0.616406 0.021875 0.0234375
-1 0.376563 0.469531 0.0125 0.0140625
-1 0.0015625 0.0523438 0.003125 0.0203125
-1 0.385937 0.379688 0.03125 0.03125
-1 0.540625 0.372656 0.028125 0.0234375
-1 0.009375 0.0929688 0.01875 0.0453125
-1 0.985938 0.1375 0.028125 0.025
-1 0.488281 0.286719 0.0296875 0.0296875
-1 0.459375 0.242188 0.025 0.028125
-1 0.340625 0.321875 0.025 0.021875
-1 0.964063 0.0953125 0.0375 0.03125
-1 0.196875 0.0484375 0.028125 0.034375
-1 0.895312 0.35 0.034375 0.021875
-1 0.7125 0.738281 0.03125 0.0265625
-1 0.410156 0.0617188 0.0390625 0.0328125
-1 0.697656 0.774219 0.0265625 0.0234375
-1 0.933594 0.150781 0.0328125 0.0453125
-1 0.68125 0.117969 0.0375 0.0265625
-1 0.796094 0.310937 0.0421875 0.021875
-1 0.960156 0.3 0.0296875 0.021875
