-1 0.0078125 0.45625 0.015625 0.03125
-1 0.147656 0.386719 0.0328125 0.0296875
-1 0.185156 0.485938 0.0421875 0.03125
-1 0.200781 0.294531 0.0390625 0.0328125
-1 0.399219 0.614062 0.0328125 0.025
-1 0.2625 0.472656 0.040625 0.0359375
-1 0.503906 0.210156 0.0453125 0.0359375
-1 0.360156 0.582031 0.0421875 0.0296875
-1 0.253125 0.386719 0.053125 0.0453125
-1 0.51875 0.586719 0.046875 0.0265625
-1 0.313281 0.495312 0.0484375 0.0375
-1 0.454688 0.625781 0.053125 0.0390625
-1 0.260156 0.532813 0.0390625 0.040625
-1 0.657813 0.400781 0.05625 0.0328125
-1 0.844531 0.364844 0.0359375 0.0203125
-1 0.738281 0.320312 0.0515625 0.040625
-1 0.936719 0.839844 0.0453125 0.0234375
-1 0.764062 0.696094 0.046875 0.0234375
