-1 0.003125 0.485938 0.00625 0.03125
-1 0.0101563 0.294531 0.0203125 0.0328125
-1 0.199219 0.614062 0.0328125 0.025
-1 0.0625 0.472656 0.040625 0.0359375
-1 0.303906 0.210156 0.0453125 0.0359375
-1 0.160156 0.582031 0.0421875 0.0296875
-1 0.053125 0.386719 0.053125 0.0453125
-1 0.31875 0.586719 0.046875 0.0265625
-1 0.113281 0.495312 0.0484375 0.0375
-1 0.254688 0.625781 0.053125 0.0390625
-1 0.0601563 0.532813 0.0390625 0.040625
-1 0.457813 0.400781 0.05625 0.0328125
-1 0.644531 0.364844 0.0359375 0.0203125
-1 0.538281 0.320312 0.0515625 0.040625
-1 0.736719 0.839844 0.0453125 0.0234375
-1 0.564063 0.696094 0.046875 0.0234375
-1 0.845313 0.904687 0.034375 0.028125
-1 0.828906 0.469531 0.0515625 0.0328125
