-1 0.398438 0.292969 0.021875 0.0296875
-1 0.721875 0.582031 0.021875 0.0234375
-1 0.364844 0.478125 0.0203125 0.034375
-1 0.378125 0.370312 0.03125 0.03125
-1 0.499219 0.38125 0.0328125 0.028125
-1 0.957812 0.164844 0.03125 0.0296875
-1 0.454688 0.273438 0.028125 0.040625
-1 0.445312 0.232813 0.025 0.028125
-1 0.303906 0.338281 0.0390625 0.0203125
-1 0.930469 0.119531 0.0265625 0.0296875
-1 0.151562 0.0195312 0.028125 0.0390625
-1 0.867969 0.346094 0.0234375 0.0203125
-1 0.65 0.741406 0.03125 0.0265625
-1 0.366406 0.034375 0.0296875 0.034375
-1 0.621094 0.772656 0.0265625 0.0234375
-1 0.878125 0.160156 0.034375 0.0234375
-1 0.5875 0.107031 0.0375 0.0265625
-1 0.732812 0.316406 0.034375 0.0265625
-1 0.96875 0.180469 0.0375 0.0265625
-1 0.901563 0.320312 0.03125 0.03125
