-1 0.996094 0.535937 0.0078125 0.0125
-1 0.271094 0.41875 0.0140625 0.0125
-1 0.547656 0.367188 0.0140625 0.0125
-1 0.646094 0.340625 0.0140625 0.0125
-1 0.797656 0.30625 0.0140625 0.0125
-1 0.444531 0.588281 0.0140625 0.0140625
-1 0.692969 0.553125 0.0140625 0.0125
-1 0.730469 0.546875 0.0140625 0.0125
-1 0.75625 0.541406 0.015625 0.0140625
-1 0.779687 0.5375 0.0125 0.0125
-1 0.863281 0.54375 0.0140625 0.0125
-1 0.842187 0.528125 0.0125 0.0125
-1 0.878125 0.520312 0.0125 0.0125
-1 0.942969 0.511719 0.0140625 0.0140625
