-1 0.992969 0.535937 0.0140625 0.0125
-1 0.267969 0.420312 0.0140625 0.0125
-1 0.542969 0.36875 0.0140625 0.0125
-1 0.642969 0.342187 0.0140625 0.0125
-1 0.792969 0.307812 0.0140625 0.0125
-1 0.442188 0.588281 0.0125 0.0140625
-1 0.688281 0.554688 0.0140625 0.0125
-1 0.725781 0.548438 0.0140625 0.0125
-1 0.751563 0.541406 0.015625 0.0140625
-1 0.775 0.539062 0.0125 0.0125
-1 0.858594 0.54375 0.0140625 0.0125
-1 0.835938 0.529687 0.0125 0.0125
-1 0.873437 0.520312 0.0125 0.0125
-1 0.939844 0.513281 0.0140625 0.0140625
