-1 0.028125 0.457031 0.025 0.0265625
-1 0.149219 0.334375 0.0265625 0.021875
-1 0.0992187 0.289844 0.0234375 0.0234375
-1 0.19375 0.417969 0.040625 0.0359375
-1 0.185938 0.175781 0.034375 0.0296875
-1 0.471875 0.551562 0.034375 0.028125
-1 0.180469 0.321875 0.0359375 0.0375
-1 0.498437 0.0117188 0.0375 0.0234375
-1 0.292187 0.423438 0.021875 0.025
-1 0.38125 0.148438 0.0375 0.034375
-1 0.496875 0.592187 0.025 0.021875
-1 0.247656 0.329688 0.0359375 0.028125
-1 0.317969 0.430469 0.0359375 0.0265625
-1 0.360938 0.210156 0.0375 0.0359375
-1 0.486719 0.296094 0.0421875 0.0296875
-1 0.811719 0.339062 0.0359375 0.025
-1 0.558594 0.211719 0.0484375 0.0359375
-1 0.971094 0.829688 0.0296875 0.028125
-1 0.574219 0.499219 0.0390625 0.0359375
-1 0.916406 0.333594 0.0390625 0.0390625
-1 0.995313 0.300781 0.009375 0.0359375
