-1 0.378906 0.269531 0.0234375 0.0296875
-1 0.667188 0.5125 0.021875 0.028125
-1 0.025 0.539844 0.021875 0.0203125
-1 0.345313 0.339062 0.03125 0.03125
-1 0.265625 0.478125 0.025 0.01875
-1 0.621094 0.241406 0.0359375 0.0203125
-1 0.323437 0.314063 0.021875 0.021875
-1 0.327344 0.259375 0.0203125 0.021875
-1 0.19375 0.364063 0.025 0.021875
-1 0.467187 0.123438 0.0375 0.034375
-1 0.7125 0.415625 0.025 0.021875
-1 0.0125 0.7875 0.025 0.025
-1 0.096875 0.814844 0.025 0.0265625
-1 0.420312 0.0429688 0.028125 0.0296875
-1 0.0046875 0.0078125 0.009375 0.015625
-1 0.466406 0.366406 0.0359375 0.0234375
-1 0.632812 0.0101563 0.034375 0.0203125
-1 0.390625 0.428125 0.03125 0.01875
