-1 0.99375 0.56875 0.0125 0.025
-1 0.124219 0.917969 0.0453125 0.0609375
-1 0.513281 0.871875 0.0359375 0.05
-1 0.933594 0.933594 0.0890625 0.0359375
-1 0.06875 0.955469 0.046875 0.0546875
-1 0.355469 0.921875 0.0578125 0.075
-1 0.488281 0.66875 0.0390625 0.034375
-1 0.626563 0.7625 0.04375 0.040625
-1 0.749219 0.911719 0.0453125 0.0765625
-1 0.782031 0.8625 0.0671875 0.034375
-1 0.8125 0.803125 0.046875 0.046875
-1 0.865625 0.755469 0.040625 0.0453125
-1 0.935937 0.817969 0.040625 0.0421875
-1 0.984375 0.932031 0.03125 0.0390625
-1 0.873437 0.910156 0.04375 0.0578125
-1 0.941406 0.757031 0.0546875 0.0484375
-1 0.989844 0.895312 0.0203125 0.046875
