-1 0.288281 0.632031 0.104688 0.0859375
-1 0.124219 0.142969 0.0453125 0.0609375
-1 0.513281 0.096875 0.0359375 0.05
-1 0.760938 0.661719 0.053125 0.0890625
-1 0.933594 0.158594 0.0890625 0.0359375
-1 0.06875 0.180469 0.046875 0.0546875
-1 0.355469 0.146875 0.0578125 0.075
-1 0.829688 0.379688 0.065625 0.053125
-1 0.626563 0.00390625 0.04375 0.0078125
-1 0.914844 0.320312 0.0546875 0.065625
-1 0.749219 0.136719 0.0453125 0.0765625
-1 0.782031 0.0875 0.0671875 0.034375
-1 0.8125 0.028125 0.046875 0.046875
-1 0.935937 0.0429688 0.040625 0.0421875
-1 0.984375 0.157031 0.03125 0.0390625
-1 0.873437 0.135156 0.04375 0.0578125
-1 0.941406 0.003125 0.0546875 0.00625
-1 0.989844 0.120313 0.0203125 0.046875
