-1 0.646875 0.0453125 0.0375 0.04375
-1 0.483594 0.320312 0.0578125 0.053125
-1 0.152344 0.0140625 0.0453125 0.028125
-1 0.785156 0.122656 0.0859375 0.0578125
-1 0.0648438 0.600781 0.0859375 0.114062
-1 0.00625 0.200781 0.0125 0.0546875
-1 0.946875 0.558594 0.10625 0.110937
-1 0.873437 0.500781 0.125 0.0921875
-1 0.989062 0.413281 0.021875 0.0859375
-1 0.754687 0.461719 0.090625 0.0890625
-1 0.303125 0.196094 0.115625 0.0546875
-1 0.111719 0.105469 0.0609375 0.0546875
-1 0.410156 0.327344 0.0984375 0.0703125
-1 0.63125 0.508594 0.0875 0.0828125
-1 0.0398437 0.122656 0.0796875 0.0890625
-1 0.976562 0.133594 0.046875 0.0703125
-1 0.596094 0.444531 0.0828125 0.0453125
-1 0.571875 0.336719 0.075 0.0515625
-1 0.507031 0.294531 0.0671875 0.0703125
-1 0.538281 0.075 0.0421875 0.04375
-1 0.889844 0.0203125 0.0578125 0.040625
-1 0.170313 0.176563 0.046875 0.046875
-1 0.902344 0.0273438 0.0609375 0.0546875
-1 0.321094 0.142187 0.0671875 0.053125
-1 0.369531 0.0726563 0.0640625 0.0546875
-1 0.282031 0.0171875 0.0703125 0.034375
-1 0.364844 0.00546875 0.101562 0.0109375
