-1 0.198437 0.56875 0.021875 0.025
-1 0.727344 0.510938 0.0328125 0.040625
-1 0.75625 0.75625 0.0375 0.03125
-1 0.133594 0.933594 0.0890625 0.0359375
-1 0.0078125 0.8625 0.015625 0.034375
-1 0.0179687 0.803125 0.0359375 0.046875
-1 0.065625 0.755469 0.040625 0.0453125
-1 0.135937 0.817969 0.040625 0.0421875
-1 0.266406 0.995313 0.0421875 0.009375
-1 0.386719 0.854688 0.0484375 0.05625
-1 0.192188 0.932031 0.046875 0.0390625
-1 0.504687 0.809375 0.04375 0.0375
-1 0.367188 0.796875 0.059375 0.06875
-1 0.0734375 0.910156 0.04375 0.0578125
-1 0.7625 0.895312 0.0625 0.059375
-1 0.473438 0.899219 0.04375 0.0484375
-1 0.141406 0.757031 0.0546875 0.0484375
-1 0.382812 0.666406 0.04375 0.0453125
-1 0.24375 0.775 0.0375 0.046875
-1 0.203906 0.895312 0.0484375 0.046875
-1 0.257031 0.880469 0.0421875 0.0578125
-1 0.266406 0.944531 0.0484375 0.0640625
-1 0.85625 0.953906 0.078125 0.0609375
-1 0.507031 0.990625 0.0578125 0.01875
-1 0.29375 0.903906 0.08125 0.0421875
-1 0.346094 0.714063 0.0578125 0.05
-1 0.333594 0.857812 0.0515625 0.053125
-1 0.758594 0.941406 0.0671875 0.0734375
-1 0.88125 0.842187 0.053125 0.05
-1 0.447656 0.7875 0.0515625 0.05
-1 0.597656 0.749219 0.0515625 0.0421875
-1 0.515625 0.876563 0.04375 0.0375
-1 0.959375 0.934375 0.08125 0.08125
