-1 0.6125 0.664062 0.034375 0.028125
-1 0.952344 0.777344 0.0453125 0.0515625
-1 0.313281 0.539062 0.0390625 0.0375
-1 0.05625 0.953906 0.078125 0.0609375
-1 0.29375 0.819531 0.05625 0.0453125
-1 0.502344 0.975 0.0953125 0.05
-1 0.321875 0.957031 0.084375 0.0859375
-1 0.08125 0.842187 0.053125 0.05
-1 0.229687 0.986719 0.06875 0.0265625
-1 0.161719 0.934375 0.0859375 0.08125
-1 0.773438 0.974219 0.078125 0.0515625
-1 0.869531 0.622656 0.0578125 0.0484375
-1 0.346094 0.527344 0.0421875 0.0390625
-1 0.975781 0.703906 0.0484375 0.0609375
-1 0.925 0.703125 0.06875 0.065625
-1 0.911719 0.880469 0.0609375 0.0546875
-1 0.564063 0.742188 0.0625 0.071875
-1 0.741406 0.788281 0.0703125 0.0671875
-1 0.95625 0.725 0.06875 0.059375
-1 0.838281 0.897656 0.0828125 0.0890625
-1 0.70625 0.591406 0.05 0.0421875
-1 0.447656 0.552344 0.0421875 0.0359375
-1 0.371875 0.680469 0.05 0.0578125
-1 0.970313 0.951562 0.046875 0.046875
