-1 0.558594 0.569531 0.0421875 0.0359375
-1 0.6625 0.7 0.034375 0.025
-1 0.646875 0.820312 0.0375 0.04375
-1 0.152344 0.777344 0.0453125 0.0515625
-1 0.785156 0.897656 0.0859375 0.0578125
-1 0.00625 0.974219 0.0125 0.0515625
-1 0.0695313 0.622656 0.0578125 0.0484375
-1 0.188281 0.703906 0.0734375 0.0609375
-1 0.125 0.703125 0.06875 0.065625
-1 0.303125 0.971094 0.115625 0.0546875
-1 0.111719 0.880469 0.0609375 0.0546875
-1 0.15625 0.725 0.06875 0.059375
-1 0.0398437 0.897656 0.0796875 0.0890625
-1 0.976562 0.908594 0.046875 0.0703125
-1 0.538281 0.85 0.0421875 0.04375
-1 0.889844 0.785937 0.0578125 0.059375
-1 0.170313 0.951562 0.046875 0.046875
-1 0.902344 0.800781 0.0609375 0.0578125
-1 0.598437 0.725 0.046875 0.0375
-1 0.321094 0.917188 0.0671875 0.053125
-1 0.369531 0.847656 0.0640625 0.0546875
-1 0.282031 0.778906 0.0703125 0.0609375
-1 0.364844 0.753906 0.101562 0.0640625
