-1 0.952344 0.0140625 0.0453125 0.028125
-1 0.0804688 0.492969 0.0765625 0.0796875
-1 0.05625 0.178906 0.078125 0.0609375
-1 0.29375 0.0445313 0.05625 0.0453125
-1 0.502344 0.216406 0.0953125 0.0828125
-1 0.321875 0.196094 0.084375 0.114062
-1 0.08125 0.0671875 0.053125 0.05
-1 0.229687 0.233594 0.06875 0.0703125
-1 0.161719 0.159375 0.0859375 0.08125
-1 0.51875 0.403125 0.071875 0.1
-1 0.564844 0.614844 0.0828125 0.0953125
-1 0.864844 0.600781 0.0859375 0.114062
-1 0.773438 0.200781 0.078125 0.0546875
-1 0.911719 0.105469 0.0609375 0.0546875
-1 0.741406 0.0234375 0.0703125 0.046875
-1 0.838281 0.122656 0.0828125 0.0890625
-1 0.970313 0.176563 0.046875 0.046875
