-1 0.459375 0.391406 0.05625 0.0484375
-1 0.133594 0.158594 0.0890625 0.0359375
-1 0.03125 0.379688 0.0625 0.053125
-1 0.282031 0.33125 0.0640625 0.0875
-1 0.880469 0.492969 0.0765625 0.0796875
-1 0.114844 0.320312 0.0546875 0.065625
-1 0.0078125 0.0875 0.015625 0.034375
-1 0.0179687 0.028125 0.0359375 0.046875
-1 0.135937 0.0429688 0.040625 0.0421875
-1 0.348438 0.4125 0.08125 0.0625
-1 0.266406 0.239063 0.0421875 0.046875
-1 0.386719 0.0796875 0.0484375 0.05625
-1 0.192188 0.157031 0.046875 0.0390625
-1 0.504687 0.034375 0.04375 0.0375
-1 0.367188 0.028125 0.059375 0.05625
-1 0.0734375 0.135156 0.04375 0.0578125
-1 0.7625 0.120313 0.0625 0.059375
-1 0.473438 0.124219 0.04375 0.0484375
-1 0.141406 0.003125 0.0546875 0.00625
-1 0.24375 0.0117188 0.0375 0.0234375
-1 0.203906 0.120313 0.0484375 0.046875
-1 0.257031 0.105469 0.0421875 0.0578125
-1 0.266406 0.169531 0.0484375 0.0640625
-1 0.346875 0.275781 0.053125 0.0515625
-1 0.85625 0.178906 0.078125 0.0609375
-1 0.59375 0.340625 0.1125 0.059375
-1 0.507031 0.233594 0.0578125 0.0546875
-1 0.29375 0.128906 0.08125 0.0421875
-1 0.560156 0.246875 0.0796875 0.053125
-1 0.333594 0.0828125 0.0515625 0.053125
-1 0.758594 0.166406 0.0671875 0.0734375
-1 0.88125 0.0671875 0.053125 0.05
-1 0.447656 0.01875 0.0515625 0.0375
-1 0.515625 0.101562 0.04375 0.0375
-1 0.959375 0.159375 0.08125 0.08125
