-1 0.379688 0.117969 0.05 0.0390625
-1 0.971094 0.44375 0.0578125 0.05625
-1 0.0140625 0.122656 0.028125 0.0578125
-1 0.160938 0.558594 0.134375 0.110937
-1 0.0734375 0.500781 0.125 0.0921875
-1 0.235937 0.413281 0.115625 0.0859375
-1 0.926562 0.277344 0.1 0.0796875
-1 0.614844 0.292969 0.0921875 0.0734375
-1 0.652344 0.317969 0.0953125 0.0578125
-1 0.270313 0.14375 0.078125 0.071875
-1 0.388281 0.224219 0.107813 0.0734375
-1 0.189062 0.133594 0.071875 0.0703125
-1 0.364844 0.221094 0.0671875 0.0578125
-1 0.285156 0.242969 0.0953125 0.0546875
-1 0.0898438 0.0203125 0.0578125 0.040625
-1 0.102344 0.0273438 0.0609375 0.0546875
