-1 0.989844 0.5375 0.0140625 0.0125
-1 0.266406 0.421875 0.0140625 0.0125
-1 0.541406 0.370312 0.0140625 0.0125
-1 0.641406 0.342187 0.0140625 0.0125
-1 0.791406 0.309375 0.0140625 0.0125
-1 0.439844 0.588281 0.0140625 0.0140625
-1 0.686719 0.554688 0.0140625 0.0125
-1 0.724219 0.548438 0.0140625 0.0125
-1 0.748437 0.542969 0.015625 0.0140625
-1 0.771875 0.539062 0.0125 0.0125
-1 0.855469 0.545312 0.0140625 0.0125
-1 0.832812 0.53125 0.0125 0.0125
-1 0.870313 0.520312 0.0125 0.0125
-1 0.936719 0.513281 0.0140625 0.0140625
