-1 0.00703125 0.357812 0.0140625 0.04375
-1 0.0382813 0.463281 0.0453125 0.0359375
-1 0.0476562 0.261719 0.0390625 0.0328125
-1 0.261719 0.588281 0.0390625 0.0359375
-1 0.0953125 0.434375 0.034375 0.03125
-1 0.349219 0.140625 0.0453125 0.05
-1 0.18125 0.538281 0.040625 0.0359375
-1 0.117188 0.325 0.0375 0.034375
-1 0.355469 0.586719 0.0453125 0.0484375
-1 0.150781 0.454688 0.0484375 0.0375
-1 0.257812 0.578125 0.040625 0.01875
-1 0.109375 0.4375 0.0375 0.046875
-1 0.458594 0.382812 0.0546875 0.0375
-1 0.683594 0.354687 0.0390625 0.046875
-1 0.542969 0.29375 0.0515625 0.040625
-1 0.814844 0.838281 0.0453125 0.0234375
-1 0.571094 0.650781 0.0453125 0.0328125
-1 0.915625 0.910937 0.034375 0.028125
-1 0.851562 0.434375 0.0375 0.025
