-1 0.0617188 0.588281 0.0390625 0.0359375
-1 0.149219 0.140625 0.0453125 0.05
-1 0.155469 0.586719 0.0453125 0.0484375
-1 0.0578125 0.578125 0.040625 0.01875
-1 0.258594 0.382812 0.0546875 0.0375
-1 0.483594 0.354687 0.0390625 0.046875
-1 0.342969 0.29375 0.0515625 0.040625
-1 0.614844 0.838281 0.0453125 0.0234375
-1 0.371094 0.650781 0.0453125 0.0328125
-1 0.715625 0.910937 0.034375 0.028125
-1 0.651563 0.434375 0.0375 0.025
-1 0.844531 0.379688 0.0484375 0.03125
-1 0.902344 0.644531 0.0421875 0.0328125
