-1 0.182812 0.311719 0.021875 0.0296875
-1 0.494531 0.439063 0.0328125 0.025
-1 0.669531 0.426563 0.0296875 0.03125
-1 0.496094 0.0570312 0.0359375 0.0296875
-1 0.551562 0.324219 0.0375 0.0234375
-1 0.357812 0.478125 0.03125 0.03125
-1 0.795312 0.357812 0.0375 0.04375
-1 0.838281 0.463281 0.0453125 0.0359375
-1 0.847656 0.261719 0.0390625 0.0328125
-1 0.895312 0.434375 0.034375 0.03125
-1 0.980469 0.538281 0.0390625 0.0359375
-1 0.917188 0.325 0.0375 0.034375
-1 0.950781 0.454688 0.0484375 0.0375
-1 0.909375 0.4375 0.0375 0.046875
