-1 0.378125 0.278906 0.021875 0.0296875
-1 0.733594 0.489844 0.0203125 0.0328125
-1 0.209375 0.497656 0.021875 0.0203125
-1 0.353125 0.346875 0.03125 0.03125
-1 0.355469 0.435937 0.0359375 0.028125
-1 0.778125 0.194531 0.0375 0.0296875
-1 0.369531 0.285156 0.0265625 0.0265625
-1 0.364063 0.242188 0.025 0.028125
-1 0.235937 0.353125 0.025 0.021875
-1 0.695312 0.160938 0.0375 0.034375
-1 0.778125 0.365625 0.025 0.021875
-1 0.260156 0.753125 0.0296875 0.0375
-1 0.344531 0.771094 0.0265625 0.0234375
-1 0.608594 0.103906 0.0328125 0.0296875
-1 0.248438 0.0585938 0.0375 0.0265625
-1 0.571875 0.309375 0.025 0.025
-1 0.785156 0.0703125 0.0359375 0.034375
-1 0.619531 0.379688 0.0328125 0.01875
