-1 0.975781 0.540625 0.0140625 0.0125
-1 0.257031 0.426563 0.0140625 0.0125
-1 0.53125 0.375 0.0125 0.0125
-1 0.627344 0.346875 0.0140625 0.0125
-1 0.775781 0.314063 0.0140625 0.0125
-1 0.429688 0.592187 0.0125 0.0125
-1 0.672656 0.559375 0.0140625 0.0125
-1 0.710156 0.551562 0.0140625 0.0125
-1 0.735938 0.547656 0.015625 0.0140625
-1 0.760938 0.54375 0.0125 0.0125
-1 0.842969 0.546875 0.0140625 0.0125
-1 0.820312 0.532813 0.0125 0.0125
-1 0.857812 0.526563 0.0125 0.0125
-1 0.917969 0.519531 0.0140625 0.0140625
