-1 0.426563 0.305469 0.021875 0.0296875
-1 0.725 0.678906 0.0375 0.0265625
-1 0.460938 0.430469 0.03125 0.0171875
-1 0.1875 0.0875 0.028125 0.040625
-1 0.446875 0.382812 0.03125 0.03125
-1 0.240625 0.0992187 0.03125 0.0296875
-1 0.676562 0.375781 0.028125 0.0234375
-1 0.132812 0.03125 0.025 0.034375
-1 0.357031 0.161719 0.0359375 0.0296875
-1 0.994531 0.075 0.0109375 0.025
-1 0.649219 0.382031 0.0296875 0.0296875
-1 0.502344 0.244531 0.0265625 0.0390625
-1 0.517188 0.320312 0.04375 0.025
-1 0.473438 0.179688 0.0375 0.034375
-1 0.61875 0.00859375 0.034375 0.0171875
-1 0.641406 0.196094 0.0328125 0.0328125
-1 0.996094 0.807813 0.0078125 0.025
