-1 0.0164063 0.461719 0.0328125 0.0390625
-1 0.202344 0.0695313 0.0265625 0.0265625
-1 0.0375 0.510938 0.03125 0.0375
-1 0.179688 0.0710937 0.028125 0.0265625
-1 0.416406 0.328906 0.0234375 0.0234375
-1 0.0585938 0.0875 0.0296875 0.03125
-1 0.517188 0.784375 0.040625 0.034375
-1 0.0695313 0.344531 0.0390625 0.0359375
-1 0.510156 0.865625 0.0328125 0.025
-1 0.5125 0.258594 0.0375 0.0296875
-1 0.484375 0.189844 0.0375 0.0265625
-1 0.51875 0.426563 0.034375 0.025
-1 0.703906 0.371094 0.0359375 0.0234375
-1 0.71875 0.334375 0.040625 0.03125
