-1 0.451562 0.316406 0.021875 0.0296875
-1 0.670312 0.607031 0.040625 0.0234375
-1 0.607031 0.366406 0.0265625 0.0234375
-1 0.267188 0.154688 0.034375 0.025
-1 0.0890625 0.235937 0.025 0.040625
-1 0.4375 0.189062 0.028125 0.01875
-1 0.610156 0.40625 0.0328125 0.025
-1 0.517188 0.136719 0.03125 0.0296875
-1 0.816406 0.461719 0.0328125 0.0390625
-1 0.421094 0.185156 0.0328125 0.0265625
-1 0.640625 0.291406 0.034375 0.0265625
-1 0.994531 0.0695313 0.0109375 0.0265625
-1 0.8375 0.510938 0.03125 0.0375
-1 0.658594 0.277344 0.0234375 0.0234375
-1 0.688281 0.342969 0.0265625 0.0203125
-1 0.979688 0.0710937 0.028125 0.0265625
-1 0.771094 0.258594 0.0390625 0.0265625
-1 0.858594 0.0875 0.0296875 0.03125
-1 0.869531 0.344531 0.0390625 0.0359375
