-1 0.983594 0.539062 0.0140625 0.0125
-1 0.260156 0.423438 0.0140625 0.0125
-1 0.536719 0.371875 0.0140625 0.0125
-1 0.639844 0.34375 0.0140625 0.0125
-1 0.785156 0.310937 0.0140625 0.0125
-1 0.434375 0.589844 0.0125 0.0140625
-1 0.680469 0.55625 0.0140625 0.0125
-1 0.717969 0.548438 0.0140625 0.0125
-1 0.74375 0.544531 0.015625 0.0140625
-1 0.767188 0.540625 0.0125 0.0125
-1 0.850781 0.545312 0.0140625 0.0125
-1 0.828125 0.53125 0.0125 0.0125
-1 0.865625 0.521875 0.0125 0.0125
-1 0.930469 0.514844 0.0140625 0.0140625
