-1 0.283594 0.5375 0.0265625 0.025
-1 0.461719 0.948438 0.0328125 0.03125
-1 0.619531 0.51875 0.0328125 0.040625
-1 0.639062 0.714063 0.028125 0.028125
-1 0.182812 0.85625 0.040625 0.05
-1 0.70625 0.983594 0.05625 0.0328125
-1 0.232031 0.880469 0.0359375 0.0328125
-1 0.416406 0.864844 0.0421875 0.0359375
-1 0.215625 0.808594 0.046875 0.0390625
-1 0.520312 0.75 0.04375 0.046875
-1 0.326562 0.74375 0.0375 0.0375
-1 0.514844 0.821094 0.0515625 0.0515625
-1 0.450781 0.792188 0.0734375 0.040625
-1 0.114062 0.766406 0.04375 0.0453125
-1 0.313281 0.7875 0.0359375 0.034375
-1 0.323437 0.824219 0.046875 0.0453125
-1 0.914062 0.915625 0.05625 0.06875
-1 0.8625 0.917188 0.065625 0.06875
