-1 0.461719 0.173437 0.0328125 0.03125
-1 0.182812 0.08125 0.040625 0.05
-1 0.70625 0.214062 0.05625 0.04375
-1 0.232031 0.105469 0.0359375 0.0328125
-1 0.416406 0.0898438 0.0421875 0.0359375
-1 0.215625 0.0335937 0.046875 0.0390625
-1 0.514844 0.0460938 0.0515625 0.0515625
-1 0.450781 0.01875 0.0734375 0.0375
-1 0.114062 0.00703125 0.04375 0.0140625
-1 0.313281 0.0148437 0.0359375 0.0296875
-1 0.323437 0.0492187 0.046875 0.0453125
-1 0.914062 0.140625 0.05625 0.06875
-1 0.8625 0.142187 0.065625 0.06875
