-1 0.0734375 0.675 0.040625 0.03125
-1 0.257812 0.764844 0.059375 0.0390625
-1 0.660937 0.951562 0.04375 0.040625
-1 0.582812 0.978125 0.04375 0.04375
-1 0.515625 0.929688 0.08125 0.06875
-1 0.0078125 0.775781 0.015625 0.0484375
-1 0.459375 0.948438 0.075 0.071875
-1 0.342969 0.923438 0.0953125 0.0625
-1 0.344531 0.93125 0.0671875 0.04375
-1 0.202344 0.858594 0.0703125 0.0515625
-1 0.251563 0.925 0.075 0.04375
-1 0.128125 0.819531 0.053125 0.0515625
-1 0.198437 0.905469 0.05625 0.0546875
-1 0.15625 0.91875 0.04375 0.046875
-1 0.360938 0.800781 0.05625 0.0484375
