-1 0.567969 0.167969 0.0578125 0.0515625
-1 0.414844 0.0125 0.0484375 0.025
-1 0.280469 0.0734375 0.0640625 0.05
-1 0.261719 0.0523438 0.0421875 0.0484375
-1 0.114062 0.140625 0.05625 0.06875
-1 0.0625 0.142187 0.065625 0.06875
-1 0.779687 0.0125 0.071875 0.025
-1 0.33125 0.198437 0.075 0.05
-1 0.534375 0.220312 0.046875 0.065625
-1 0.386719 0.146875 0.0703125 0.05625
-1 0.976562 0.327344 0.046875 0.0890625
-1 0.984375 0.291406 0.03125 0.0734375
-1 0.715625 0.233594 0.08125 0.0828125
-1 0.822656 0.266406 0.0609375 0.0703125
-1 0.983594 0.0835937 0.0328125 0.0515625
-1 0.589063 0.0820312 0.065625 0.0734375
-1 0.490625 0.134375 0.05 0.065625
-1 0.928125 0.0445313 0.053125 0.0515625
-1 0.985156 0.130469 0.0296875 0.0546875
-1 0.95625 0.14375 0.04375 0.046875
