-1 0.257812 0.0046875 0.059375 0.009375
-1 0.978906 0.359375 0.0421875 0.059375
-1 0.873437 0.482812 0.059375 0.05
-1 0.803906 0.258594 0.0515625 0.0453125
-1 0.660937 0.176563 0.04375 0.040625
-1 0.582812 0.214062 0.04375 0.065625
-1 0.553125 0.300781 0.046875 0.0578125
-1 0.739844 0.395313 0.0453125 0.046875
-1 0.732031 0.257812 0.0546875 0.040625
-1 0.817187 0.316406 0.059375 0.0359375
-1 0.632812 0.289062 0.04375 0.059375
-1 0.805469 0.514062 0.0640625 0.04375
-1 0.515625 0.154688 0.08125 0.06875
-1 0.0078125 0.0125 0.015625 0.025
-1 0.188281 0.327344 0.0703125 0.0890625
-1 0.217188 0.291406 0.096875 0.0734375
-1 0.459375 0.173437 0.075 0.071875
-1 0.342969 0.148438 0.0953125 0.0625
-1 0.0265625 0.266406 0.053125 0.0703125
-1 0.344531 0.15625 0.0671875 0.04375
-1 0.202344 0.0835937 0.0703125 0.0515625
-1 0.251563 0.15 0.075 0.04375
-1 0.128125 0.0445313 0.053125 0.0515625
-1 0.198437 0.130469 0.05625 0.0546875
-1 0.15625 0.14375 0.04375 0.046875
-1 0.360938 0.0257812 0.05625 0.0484375
