-1 0.35625 0.654687 0.0375 0.034375
-1 0.666406 0.553906 0.0265625 0.0484375
-1 0.873437 0.675 0.040625 0.03125
-1 0.761719 0.720313 0.0328125 0.034375
-1 0.567969 0.942969 0.0578125 0.0515625
-1 0.414844 0.786719 0.0484375 0.0265625
-1 0.280469 0.848437 0.0640625 0.05
-1 0.261719 0.827344 0.0421875 0.0484375
-1 0.114062 0.915625 0.05625 0.06875
-1 0.0625 0.917188 0.065625 0.06875
-1 0.779687 0.775781 0.071875 0.0484375
-1 0.33125 0.973437 0.075 0.05
-1 0.534375 0.98125 0.046875 0.0375
-1 0.386719 0.921875 0.0703125 0.05625
-1 0.715625 0.983594 0.08125 0.0328125
-1 0.676562 0.73125 0.0625 0.06875
-1 0.983594 0.858594 0.0328125 0.0515625
-1 0.549219 0.654687 0.0578125 0.05625
-1 0.589063 0.857031 0.065625 0.0734375
-1 0.542969 0.732812 0.0671875 0.0625
-1 0.490625 0.909375 0.05 0.065625
-1 0.928125 0.819531 0.053125 0.0515625
-1 0.985156 0.905469 0.0296875 0.0546875
-1 0.95625 0.91875 0.04375 0.046875
