-1 0.803906 0.389062 0.0609375 0.040625
-1 0.692969 0.598437 0.0609375 0.059375
-1 0.470313 0.278906 0.05 0.0515625
-1 0.353125 0.257812 0.0875 0.05
-1 0.277344 0.267969 0.0828125 0.0328125
-1 0.183594 0.35625 0.0609375 0.059375
-1 0.430469 0.479687 0.107813 0.071875
-1 0.476562 0.303906 0.078125 0.0640625
-1 0.71875 0.395313 0.075 0.059375
-1 0.265625 0.345313 0.0625 0.05
-1 0.575 0.598437 0.075 0.05625
-1 0.3375 0.648438 0.059375 0.05
-1 0.232813 0.167969 0.065625 0.0578125
-1 0.154688 0.224219 0.0875 0.0546875
