-1 0.592969 0.665625 0.0453125 0.04375
-1 0.939844 0.567969 0.0421875 0.0359375
-1 0.992188 0.765625 0.015625 0.034375
-1 0.780469 0.992969 0.0640625 0.0140625
-1 0.596875 0.785937 0.05 0.03125
-1 0.261719 0.859375 0.0640625 0.053125
-1 0.335938 0.900781 0.078125 0.0765625
-1 0.133594 0.965625 0.0796875 0.06875
-1 0.059375 0.928906 0.065625 0.0734375
-1 0.995313 0.827344 0.009375 0.0609375
-1 0.472656 0.963281 0.0546875 0.0546875
-1 0.578906 0.608594 0.0515625 0.0484375
-1 0.791406 0.708594 0.0734375 0.0609375
-1 0.60625 0.675 0.0875 0.071875
-1 0.741406 0.903125 0.0921875 0.06875
-1 0.698438 0.758594 0.078125 0.0515625
-1 0.708594 0.980469 0.0640625 0.0390625
-1 0.441406 0.716406 0.0484375 0.0453125
-1 0.578906 0.73125 0.0546875 0.0625
-1 0.69375 0.707031 0.06875 0.0578125
-1 0.688281 0.832812 0.0515625 0.059375
-1 0.789844 0.749219 0.0515625 0.0390625
-1 0.830469 0.748437 0.0515625 0.05625
