-1 0.139844 0.567969 0.0421875 0.0359375
-1 0.342969 0.705469 0.0515625 0.0484375
-1 0.200781 0.765625 0.0328125 0.034375
-1 0.599219 0.825781 0.0359375 0.0265625
-1 0.220312 0.827344 0.059375 0.0609375
-1 0.954688 0.985938 0.0875 0.028125
-1 0.732812 0.978906 0.103125 0.0421875
-1 0.0140625 0.708594 0.028125 0.0609375
-1 0.753125 0.988281 0.090625 0.0234375
-1 0.497656 0.885938 0.0703125 0.059375
-1 0.578125 0.977344 0.084375 0.0453125
-1 0.446875 0.849219 0.071875 0.0703125
-1 0.528906 0.942969 0.0609375 0.0546875
-1 0.475 0.955469 0.06875 0.0578125
-1 0.435156 0.842187 0.0546875 0.05625
-1 0.641406 0.760156 0.0546875 0.0484375
-1 0.378906 0.738281 0.0546875 0.0421875
-1 0.33125 0.759375 0.04375 0.05
-1 0.0078125 0.749219 0.015625 0.0390625
-1 0.0304687 0.748437 0.0515625 0.05625
