-1 0.239844 0.552344 0.0296875 0.0265625
-1 0.628906 0.514062 0.0328125 0.040625
-1 0.674219 0.736719 0.0296875 0.0265625
-1 0.165625 0.90625 0.06875 0.0625
-1 0.327344 0.989062 0.0515625 0.021875
-1 0.197656 0.971094 0.0609375 0.0578125
-1 0.0570312 0.835938 0.0453125 0.028125
-1 0.307031 0.936719 0.0421875 0.0328125
-1 0.389844 0.889844 0.0453125 0.0359375
-1 0.20625 0.869531 0.046875 0.0390625
-1 0.514844 0.784375 0.0421875 0.040625
-1 0.334375 0.783594 0.0625 0.0390625
-1 0.586719 0.853125 0.0578125 0.059375
-1 0.439063 0.835156 0.059375 0.0515625
-1 0.0890625 0.794531 0.04375 0.0453125
-1 0.263281 0.861719 0.0453125 0.0421875
-1 0.303125 0.828906 0.046875 0.0359375
-1 0.315625 0.885156 0.065625 0.0421875
-1 0.532813 0.935156 0.078125 0.0578125
-1 0.546875 0.982812 0.046875 0.034375
-1 0.549219 0.915625 0.0453125 0.05
-1 0.733594 0.896094 0.0671875 0.0734375
-1 0.753125 0.80625 0.046875 0.053125
-1 0.933594 0.965625 0.0796875 0.06875
-1 0.859375 0.928906 0.065625 0.0734375
