-1 0.200781 0.00390625 0.0328125 0.0078125
-1 0.00625 0.23125 0.0125 0.040625
-1 0.599219 0.0507812 0.0359375 0.0265625
-1 0.976562 0.35625 0.046875 0.059375
-1 0.220312 0.0523438 0.059375 0.0609375
-1 0.423438 0.427344 0.0875 0.0671875
-1 0.383594 0.371094 0.0796875 0.0953125
-1 0.255469 0.278906 0.0828125 0.0671875
-1 0.954688 0.224219 0.0875 0.0546875
-1 0.732812 0.213281 0.103125 0.0609375
-1 0.264844 0.345313 0.0609375 0.05625
-1 0.753125 0.228906 0.090625 0.0546875
-1 0.497656 0.110937 0.0703125 0.059375
-1 0.578125 0.210156 0.084375 0.0609375
-1 0.309375 0.355469 0.0625 0.0796875
-1 0.446875 0.0742188 0.071875 0.0703125
-1 0.528906 0.167969 0.0609375 0.0546875
-1 0.475 0.180469 0.06875 0.0578125
-1 0.435156 0.0671875 0.0546875 0.05625
-1 0.641406 0.0046875 0.0546875 0.009375
-1 0.33125 0.0046875 0.04375 0.009375
