-1 0.992188 0.00390625 0.015625 0.0078125
-1 0.780469 0.23125 0.0640625 0.040625
-1 0.596875 0.0132812 0.05 0.0265625
-1 0.261719 0.084375 0.0640625 0.053125
-1 0.335938 0.125781 0.078125 0.0765625
-1 0.133594 0.192188 0.0796875 0.071875
-1 0.059375 0.153906 0.065625 0.0734375
-1 0.995313 0.0523438 0.009375 0.0609375
-1 0.410938 0.288281 0.065625 0.0859375
-1 0.423438 0.375781 0.053125 0.0578125
-1 0.660156 0.403125 0.0453125 0.053125
-1 0.472656 0.188281 0.0546875 0.0546875
-1 0.741406 0.128125 0.0921875 0.06875
-1 0.698438 0.0046875 0.078125 0.009375
-1 0.708594 0.217969 0.0640625 0.0640625
-1 0.688281 0.0578125 0.0515625 0.059375
