-1 0.46875 0.290625 0.04375 0.065625
-1 0.121094 0.463281 0.0484375 0.0578125
-1 0.165625 0.13125 0.06875 0.0625
-1 0.153125 0.252344 0.05625 0.0546875
-1 0.327344 0.225 0.0515625 0.04375
-1 0.734375 0.344531 0.071875 0.0796875
-1 0.197656 0.203125 0.0609375 0.071875
-1 0.0570312 0.0609375 0.0453125 0.028125
-1 0.391406 0.2625 0.0703125 0.04375
-1 0.307031 0.161719 0.0421875 0.0328125
-1 0.389844 0.114844 0.0453125 0.0359375
-1 0.20625 0.0945312 0.046875 0.0390625
-1 0.514844 0.0148437 0.0421875 0.0296875
-1 0.334375 0.0140625 0.0625 0.028125
-1 0.586719 0.078125 0.0578125 0.059375
-1 0.439063 0.0601563 0.059375 0.0515625
-1 0.0890625 0.0210938 0.04375 0.0421875
-1 0.263281 0.0867187 0.0453125 0.0421875
-1 0.303125 0.0539063 0.046875 0.0359375
-1 0.315625 0.110156 0.065625 0.0421875
-1 0.532813 0.160156 0.078125 0.0578125
-1 0.546875 0.220312 0.046875 0.059375
-1 0.549219 0.140625 0.0453125 0.05
-1 0.733594 0.121094 0.0671875 0.0734375
-1 0.753125 0.03125 0.046875 0.053125
-1 0.933594 0.192188 0.0796875 0.071875
-1 0.859375 0.153906 0.065625 0.0734375
