-1 0.985156 0.539062 0.0140625 0.0125
-1 0.263281 0.423438 0.0140625 0.0125
-1 0.538281 0.371875 0.0140625 0.0125
-1 0.639844 0.34375 0.0140625 0.0125
-1 0.788281 0.310937 0.0140625 0.0125
-1 0.4375 0.589844 0.0125 0.0140625
-1 0.682031 0.554688 0.0140625 0.0125
-1 0.719531 0.548438 0.0140625 0.0125
-1 0.745313 0.544531 0.015625 0.0140625
-1 0.76875 0.540625 0.0125 0.0125
-1 0.852344 0.545312 0.0140625 0.0125
-1 0.829688 0.53125 0.0125 0.0125
-1 0.867188 0.521875 0.0125 0.0125
-1 0.932031 0.514844 0.0140625 0.0140625
