-1 0.3875 0.285156 0.021875 0.0296875
-1 0.733594 0.517188 0.0171875 0.015625
-1 0.286719 0.482812 0.0234375 0.025
-1 0.3625 0.351562 0.03125 0.03125
-1 0.416406 0.403906 0.0265625 0.0296875
-1 0.863281 0.192188 0.0390625 0.028125
-1 0.396094 0.261719 0.0265625 0.0265625
-1 0.40625 0.251563 0.025 0.028125
-1 0.253125 0.35 0.025 0.021875
-1 0.810156 0.154688 0.0390625 0.03125
-1 0.815625 0.348438 0.025 0.021875
-1 0.401562 0.753906 0.03125 0.0265625
-1 0.308594 0.00546875 0.0265625 0.0109375
-1 0.466406 0.769531 0.0265625 0.0234375
-1 0.725781 0.136719 0.0328125 0.0296875
-1 0.396875 0.0804688 0.0375 0.0265625
-1 0.640625 0.301563 0.025 0.025
-1 0.864062 0.110937 0.034375 0.025
-1 0.746094 0.352344 0.0296875 0.0234375
