-1 0.471094 0.4125 0.0578125 0.05625
-1 0.135937 0.157812 0.06875 0.05625
-1 0.025 0.395313 0.05 0.053125
-1 0.255469 0.352344 0.0734375 0.0796875
-1 0.924219 0.504687 0.0765625 0.1
-1 0.0882813 0.332813 0.0546875 0.065625
-1 0.0046875 0.0976562 0.009375 0.0390625
-1 0.0101563 0.034375 0.0203125 0.046875
-1 0.0640625 0.003125 0.040625 0.00625
-1 0.129688 0.0585938 0.040625 0.0421875
-1 0.350781 0.434375 0.0921875 0.065625
-1 0.263281 0.252344 0.0421875 0.0515625
-1 0.388281 0.0796875 0.0484375 0.05625
-1 0.189844 0.169531 0.0703125 0.0484375
-1 0.507812 0.0351562 0.053125 0.0359375
-1 0.378125 0.028125 0.059375 0.05625
-1 0.078125 0.153125 0.046875 0.046875
-1 0.804688 0.121094 0.06875 0.0578125
-1 0.494531 0.128125 0.0453125 0.05
-1 0.142969 0.0101563 0.0546875 0.0203125
-1 0.232813 0.0171875 0.0375 0.034375
-1 0.197656 0.129688 0.0484375 0.046875
-1 0.249219 0.114844 0.0640625 0.0484375
-1 0.272656 0.164062 0.101562 0.053125
-1 0.357812 0.286719 0.075 0.0546875
-1 0.928125 0.207813 0.08125 0.075
-1 0.596094 0.349219 0.114062 0.0671875
-1 0.485156 0.257031 0.0578125 0.0546875
-1 0.284375 0.126562 0.0625 0.06875
-1 0.573438 0.255469 0.10625 0.0515625
-1 0.342969 0.0875 0.0515625 0.053125
-1 0.772656 0.175781 0.0734375 0.0734375
-1 0.907031 0.078125 0.0609375 0.05
-1 0.453125 0.03125 0.059375 0.053125
-1 0.6125 0.00234375 0.053125 0.0046875
-1 0.492188 0.114844 0.04375 0.0390625
-1 0.978906 0.160938 0.0421875 0.08125
