-1 0.991406 0.009375 0.0171875 0.01875
-1 0.124219 0.504687 0.0765625 0.1
-1 0.0195312 0.121094 0.0390625 0.0578125
-1 0.128125 0.207813 0.08125 0.075
-1 0.29375 0.0476562 0.09375 0.0609375
-1 0.0046875 0.175781 0.009375 0.0734375
-1 0.54375 0.238281 0.096875 0.0734375
-1 0.335156 0.210938 0.0734375 0.09375
-1 0.107031 0.078125 0.0609375 0.05
-1 0.277344 0.242188 0.0703125 0.08125
-1 0.200781 0.160938 0.0859375 0.08125
-1 0.553125 0.417969 0.125 0.0796875
-1 0.592969 0.677344 0.0828125 0.0859375
-1 0.908594 0.644531 0.0859375 0.114062
-1 0.834375 0.208594 0.0625 0.0578125
-1 0.953125 0.115625 0.059375 0.06875
-1 0.778906 0.025 0.0765625 0.05
-1 0.875 0.146094 0.08125 0.0703125
-1 0.995313 0.028125 0.009375 0.0375
