-1 0.99375 0.566406 0.0125 0.0265625
-1 0.102344 0.942187 0.0578125 0.053125
-1 0.492969 0.878125 0.0359375 0.05
-1 0.935937 0.932813 0.06875 0.05625
-1 0.034375 0.971875 0.05625 0.053125
-1 0.314844 0.942187 0.0578125 0.075
-1 0.469531 0.678125 0.0390625 0.034375
-1 0.611719 0.776563 0.0453125 0.040625
-1 0.742188 0.939063 0.05625 0.04375
-1 0.767188 0.872656 0.084375 0.0390625
-1 0.796875 0.809375 0.046875 0.046875
-1 0.864062 0.758594 0.040625 0.0453125
-1 0.929688 0.833594 0.040625 0.0421875
-1 0.977344 0.944531 0.0453125 0.0484375
-1 0.878125 0.928125 0.046875 0.046875
-1 0.942969 0.771094 0.0546875 0.0484375
-1 0.986719 0.904687 0.0265625 0.046875
