-1 0.636719 0.580469 0.0421875 0.0359375
-1 0.738281 0.704688 0.0515625 0.025
-1 0.740625 0.814063 0.08125 0.053125
-1 0.217188 0.774219 0.06875 0.0390625
-1 0.907813 0.905469 0.09375 0.0765625
-1 0.034375 0.977344 0.0625 0.0453125
-1 0.128906 0.627344 0.0578125 0.0421875
-1 0.238281 0.700781 0.0734375 0.0609375
-1 0.18125 0.71875 0.059375 0.05625
-1 0.375 0.967969 0.078125 0.0640625
-1 0.153125 0.890625 0.059375 0.06875
-1 0.00859375 0.79375 0.0171875 0.0625
-1 0.214844 0.732812 0.0734375 0.059375
-1 0.075 0.921094 0.08125 0.0703125
-1 0.564063 0.844531 0.046875 0.0484375
-1 0.21875 0.803125 0.05625 0.0375
-1 0.933594 0.792969 0.0515625 0.0546875
-1 0.225 0.975781 0.059375 0.0453125
-1 0.264062 0.792969 0.075 0.0703125
-1 0.983594 0.80625 0.0328125 0.0625
-1 0.653125 0.728125 0.040625 0.04375
-1 0.374219 0.917188 0.0921875 0.0625
-1 0.425781 0.847656 0.0515625 0.0546875
-1 0.346875 0.786719 0.08125 0.0609375
-1 0.426563 0.759375 0.059375 0.046875
