-1 0.740625 0.0390625 0.08125 0.053125
-1 0.596094 0.348438 0.0578125 0.053125
-1 0.217188 0.009375 0.06875 0.01875
-1 0.907813 0.130469 0.09375 0.0765625
-1 0.108594 0.644531 0.0859375 0.114062
-1 0.034375 0.208594 0.0625 0.0578125
-1 0.964844 0.546094 0.0703125 0.0921875
-1 0.864062 0.497656 0.109375 0.0984375
-1 0.375 0.199219 0.078125 0.0765625
-1 0.153125 0.115625 0.059375 0.06875
-1 0.507031 0.351562 0.0984375 0.075
-1 0.00859375 0.025 0.0171875 0.05
-1 0.700781 0.533594 0.0859375 0.0859375
-1 0.075 0.146094 0.08125 0.0703125
-1 0.674219 0.478906 0.0984375 0.0453125
-1 0.66875 0.339844 0.1 0.0671875
-1 0.579688 0.335938 0.075 0.071875
-1 0.564063 0.0695313 0.046875 0.0484375
-1 0.21875 0.028125 0.05625 0.0375
-1 0.933594 0.0226562 0.0515625 0.0453125
-1 0.225 0.200781 0.059375 0.0453125
-1 0.264062 0.0265625 0.075 0.053125
-1 0.983594 0.03125 0.0328125 0.0625
-1 0.374219 0.142187 0.0921875 0.0625
-1 0.425781 0.0726563 0.0515625 0.0546875
-1 0.346875 0.0210938 0.08125 0.0421875
-1 0.426563 0.00390625 0.059375 0.0078125
