-1 0.198437 0.566406 0.021875 0.0265625
-1 0.765625 0.497656 0.03125 0.0515625
-1 0.778125 0.761719 0.0375 0.0328125
-1 0.135937 0.932813 0.06875 0.05625
-1 0.0046875 0.872656 0.009375 0.0390625
-1 0.0101563 0.809375 0.0203125 0.046875
-1 0.0640625 0.758594 0.040625 0.0453125
-1 0.129688 0.833594 0.040625 0.0421875
-1 0.388281 0.854688 0.0484375 0.05625
-1 0.189844 0.944531 0.0703125 0.0484375
-1 0.507812 0.810156 0.053125 0.0359375
-1 0.378125 0.801562 0.059375 0.059375
-1 0.078125 0.928125 0.046875 0.046875
-1 0.804688 0.896094 0.06875 0.0578125
-1 0.494531 0.903125 0.0453125 0.05
-1 0.142969 0.771094 0.0546875 0.0484375
-1 0.378906 0.674219 0.0453125 0.0453125
-1 0.232813 0.785937 0.0375 0.046875
-1 0.197656 0.904687 0.0484375 0.046875
-1 0.249219 0.889844 0.0640625 0.0484375
-1 0.272656 0.939063 0.101562 0.053125
-1 0.928125 0.972656 0.08125 0.0546875
-1 0.284375 0.901563 0.0625 0.06875
-1 0.342969 0.720313 0.0578125 0.05
-1 0.573438 0.669531 0.0375 0.0359375
-1 0.342969 0.8625 0.0515625 0.053125
-1 0.772656 0.950781 0.0734375 0.0734375
-1 0.907031 0.853125 0.0609375 0.05
-1 0.453125 0.80625 0.059375 0.053125
-1 0.6125 0.758594 0.053125 0.0421875
-1 0.492188 0.889844 0.04375 0.0390625
-1 0.978906 0.935937 0.0421875 0.08125
