-1 0.504687 0.121094 0.090625 0.0484375
-1 0.107813 0.130469 0.09375 0.0765625
-1 0.282813 0.590625 0.178125 0.128125
-1 0.1875 0.546094 0.115625 0.0921875
-1 0.428125 0.4375 0.128125 0.084375
-1 0.765625 0.297656 0.134375 0.0890625
-1 0.0640625 0.497656 0.109375 0.0984375
-1 0.80625 0.347656 0.10625 0.0578125
-1 0.389062 0.128906 0.06875 0.0484375
-1 0.54375 0.205469 0.11875 0.0578125
-1 0.299219 0.1375 0.0703125 0.0625
-1 0.482812 0.2125 0.084375 0.05625
-1 0.403906 0.246875 0.0796875 0.0625
-1 0.133594 0.0226562 0.0515625 0.0453125
-1 0.197656 0.03125 0.0609375 0.0625
