-1 0.246094 0.65625 0.0578125 0.1125
-1 0.102344 0.167187 0.0578125 0.053125
-1 0.492969 0.103125 0.0359375 0.05
-1 0.726562 0.709375 0.059375 0.0875
-1 0.935937 0.157812 0.06875 0.05625
-1 0.034375 0.196875 0.05625 0.053125
-1 0.314844 0.167187 0.0578125 0.075
-1 0.80625 0.395313 0.0875 0.053125
-1 0.611719 0.0109375 0.0453125 0.021875
-1 0.888281 0.332813 0.0546875 0.065625
-1 0.742188 0.164062 0.05625 0.04375
-1 0.767188 0.0976562 0.084375 0.0390625
-1 0.796875 0.034375 0.046875 0.046875
-1 0.864062 0.003125 0.040625 0.00625
-1 0.929688 0.0585938 0.040625 0.0421875
-1 0.977344 0.169531 0.0453125 0.0484375
-1 0.878125 0.153125 0.046875 0.046875
-1 0.942969 0.0101563 0.0546875 0.0203125
-1 0.986719 0.129688 0.0265625 0.046875
