-1 0.6125 0.673438 0.034375 0.028125
-1 0.991406 0.774219 0.0171875 0.0390625
-1 0.0195312 0.896094 0.0390625 0.0578125
-1 0.321875 0.54375 0.04375 0.040625
-1 0.128125 0.972656 0.08125 0.0546875
-1 0.29375 0.822656 0.09375 0.0609375
-1 0.0046875 0.950781 0.009375 0.0734375
-1 0.54375 0.988281 0.096875 0.0234375
-1 0.335156 0.969531 0.0734375 0.0609375
-1 0.107031 0.853125 0.0609375 0.05
-1 0.277344 0.988281 0.0703125 0.0234375
-1 0.200781 0.935937 0.0859375 0.08125
-1 0.834375 0.977344 0.0625 0.0453125
-1 0.928906 0.627344 0.0578125 0.0421875
-1 0.3625 0.528906 0.05 0.0453125
-1 0.975781 0.71875 0.0484375 0.05625
-1 0.953125 0.890625 0.059375 0.06875
-1 0.597656 0.750781 0.0546875 0.0546875
-1 0.778906 0.79375 0.0765625 0.0625
-1 0.989062 0.732812 0.021875 0.059375
-1 0.875 0.921094 0.08125 0.0703125
-1 0.746094 0.596875 0.0484375 0.0375
-1 0.477344 0.560937 0.0546875 0.034375
-1 0.385156 0.68125 0.0546875 0.065625
-1 0.995313 0.803125 0.009375 0.0375
