-1 0.946875 0.405469 0.075 0.0421875
-1 0.954688 0.360156 0.084375 0.0328125
-1 0.978125 0.325781 0.04375 0.0390625
-1 0.745313 0.271875 0.071875 0.03125
-1 0.460156 0.189062 0.0453125 0.034375
-1 0.820312 0.415625 0.06875 0.078125
-1 0.652344 0.478906 0.0890625 0.0546875
-1 0.458594 0.375 0.0734375 0.08125
-1 0.369531 0.296875 0.0546875 0.05
-1 0.229687 0.457813 0.04375 0.04375
-1 0.275781 0.425 0.0484375 0.053125
-1 0.0414062 0.361719 0.0453125 0.0484375
-1 0.228125 0.507031 0.053125 0.0515625
