-1 0.841406 0.361719 0.0453125 0.0484375
-1 0.697656 0.411719 0.0390625 0.0765625
-1 0.659375 0.239844 0.06875 0.0421875
-1 0.505469 0.132031 0.0984375 0.0390625
-1 0.425 0.192969 0.053125 0.0328125
-1 0.424219 0.28125 0.0859375 0.0375
-1 0.573438 0.336719 0.046875 0.0578125
-1 0.564063 0.236719 0.040625 0.0484375
-1 0.629687 0.267969 0.06875 0.0421875
-1 0.499219 0.290625 0.0421875 0.04375
-1 0.624219 0.45625 0.0609375 0.046875
-1 0.3875 0.15 0.053125 0.040625
-1 0.0992187 0.289844 0.0828125 0.0671875
-1 0.158594 0.259375 0.0703125 0.075
-1 0.302344 0.150781 0.0546875 0.0390625
-1 0.214844 0.107813 0.0796875 0.0375
-1 0.215625 0.124219 0.0625 0.0453125
-1 0.11875 0.078125 0.071875 0.046875
-1 0.147656 0.132031 0.0546875 0.0578125
-1 0.109375 0.109375 0.05625 0.053125
-1 0.31875 0.0046875 0.046875 0.009375
