-1 0.502344 0.151562 0.0390625 0.0625
-1 0.370312 0.0132812 0.03125 0.0265625
-1 0.075 0.889844 0.09375 0.0578125
-1 0.292187 0.0820312 0.065625 0.0640625
-1 0.230469 0.0296875 0.0328125 0.046875
-1 0.120313 0.110937 0.04375 0.05625
-1 0.717969 0.00546875 0.0671875 0.0109375
-1 0.303125 0.153125 0.06875 0.05
-1 0.371094 0.13125 0.0546875 0.08125
-1 0.899219 0.289844 0.0828125 0.0671875
-1 0.958594 0.259375 0.0703125 0.075
-1 0.652344 0.204687 0.0671875 0.06875
-1 0.9875 0.107813 0.025 0.0375
-1 0.759375 0.213281 0.075 0.0671875
-1 0.992188 0.124219 0.015625 0.0453125
-1 0.91875 0.078125 0.071875 0.046875
-1 0.560156 0.0632812 0.0953125 0.0546875
-1 0.432812 0.135156 0.040625 0.0671875
-1 0.947656 0.132031 0.0546875 0.0578125
-1 0.909375 0.109375 0.05625 0.053125
