-1 0.273438 0.646875 0.0375 0.034375
-1 0.573438 0.574219 0.028125 0.0390625
-1 0.773438 0.633594 0.034375 0.0328125
-1 0.695312 0.703125 0.034375 0.05
-1 0.502344 0.926562 0.0390625 0.0625
-1 0.939063 0.755469 0.059375 0.0390625
-1 0.370312 0.7875 0.03125 0.028125
-1 0.292187 0.857031 0.065625 0.0640625
-1 0.230469 0.804688 0.0328125 0.046875
-1 0.120313 0.885938 0.04375 0.05625
-1 0.717969 0.764062 0.0671875 0.04375
-1 0.303125 0.928125 0.06875 0.05
-1 0.371094 0.90625 0.0546875 0.08125
-1 0.652344 0.972656 0.0671875 0.0546875
-1 0.9875 0.882812 0.025 0.0375
-1 0.632031 0.728906 0.0703125 0.0671875
-1 0.759375 0.977344 0.075 0.0453125
-1 0.992188 0.899219 0.015625 0.0453125
-1 0.91875 0.853125 0.071875 0.046875
-1 0.517969 0.646875 0.0609375 0.040625
-1 0.560156 0.838281 0.0953125 0.0546875
-1 0.502344 0.733594 0.0515625 0.0453125
-1 0.432812 0.910156 0.040625 0.0671875
-1 0.947656 0.907031 0.0546875 0.0578125
-1 0.909375 0.884375 0.05625 0.053125
