-1 0.0601563 0.404687 0.0515625 0.028125
-1 0.103125 0.521094 0.034375 0.0328125
-1 0.114844 0.321094 0.0421875 0.0328125
-1 0.299219 0.626563 0.0328125 0.025
-1 0.194531 0.495312 0.0453125 0.0375
-1 0.424219 0.278125 0.0421875 0.04375
-1 0.3 0.620313 0.034375 0.03125
-1 0.146875 0.457031 0.053125 0.0453125
-1 0.457813 0.582812 0.046875 0.046875
-1 0.278125 0.522656 0.05 0.0265625
-1 0.410938 0.675781 0.053125 0.0390625
-1 0.175 0.620313 0.040625 0.040625
-1 0.621094 0.435937 0.0515625 0.028125
-1 0.783594 0.379688 0.0390625 0.021875
-1 0.710156 0.350781 0.0546875 0.0390625
-1 0.827344 0.841406 0.0453125 0.0234375
-1 0.7375 0.740625 0.05 0.028125
-1 0.932813 0.88125 0.034375 0.028125
-1 0.978906 0.522656 0.0390625 0.0296875
