-1 0.103125 0.495312 0.03125 0.028125
-1 0.0140625 0.410156 0.028125 0.0296875
-1 0.260156 0.404687 0.0515625 0.028125
-1 0.303125 0.521094 0.034375 0.0328125
-1 0.314844 0.321094 0.0421875 0.0328125
-1 0.499219 0.626563 0.0328125 0.025
-1 0.394531 0.495312 0.0453125 0.0375
-1 0.624219 0.278125 0.0421875 0.04375
-1 0.5 0.620313 0.034375 0.03125
-1 0.346875 0.457031 0.053125 0.0453125
-1 0.657813 0.582812 0.046875 0.046875
-1 0.478125 0.522656 0.05 0.0265625
-1 0.610938 0.675781 0.053125 0.0390625
-1 0.375 0.620313 0.040625 0.040625
-1 0.821094 0.435937 0.0515625 0.028125
-1 0.982031 0.379688 0.0359375 0.021875
-1 0.910156 0.350781 0.0546875 0.0390625
-1 0.9375 0.740625 0.05 0.028125
