-1 0.1125 0.436719 0.03125 0.0234375
-1 0.339844 0.589063 0.0453125 0.03125
-1 0.217969 0.173437 0.0390625 0.025
-1 0.332813 0.507031 0.040625 0.0296875
-1 0.115625 0.632031 0.034375 0.0296875
-1 0.605469 0.496875 0.0421875 0.05
-1 0.635938 0.689063 0.04375 0.0375
-1 0.689844 0.372656 0.0421875 0.0453125
-1 0.809375 0.682813 0.040625 0.040625
-1 0.764844 0.574219 0.0421875 0.0296875
-1 0.913281 0.547656 0.0421875 0.0421875
-1 0.89375 0.736719 0.0375 0.0328125
-1 0.68125 0.707031 0.046875 0.0390625
-1 0.992969 0.685156 0.0140625 0.0421875
-1 0.757031 0.897656 0.0421875 0.0328125
