-1 0.139844 0.589063 0.0453125 0.03125
-1 0.01875 0.173437 0.0375 0.025
-1 0.132812 0.507031 0.040625 0.0296875
-1 0.405469 0.496875 0.0421875 0.05
-1 0.435937 0.689063 0.04375 0.0375
-1 0.489844 0.372656 0.0421875 0.0453125
-1 0.609375 0.682813 0.040625 0.040625
-1 0.564844 0.574219 0.0421875 0.0296875
-1 0.713281 0.547656 0.0421875 0.0421875
-1 0.69375 0.736719 0.0375 0.0328125
-1 0.48125 0.707031 0.046875 0.0390625
-1 0.869531 0.61875 0.0546875 0.028125
-1 0.813281 0.685156 0.0546875 0.0421875
-1 0.930469 0.75625 0.0546875 0.034375
-1 0.557031 0.897656 0.0421875 0.0328125
