-1 0.432812 0.308594 0.021875 0.0296875
-1 0.699219 0.669531 0.0171875 0.0234375
-1 0.507031 0.4125 0.0234375 0.01875
-1 0.059375 0.102344 0.03125 0.0328125
-1 0.261719 0.111719 0.0296875 0.0265625
-1 0.49375 0.395313 0.03125 0.03125
-1 0.332031 0.117188 0.0359375 0.028125
-1 0.710938 0.402344 0.028125 0.0234375
-1 0.219531 0.0859375 0.0265625 0.025
-1 0.449219 0.196094 0.0359375 0.0296875
-1 0.991406 0.0625 0.0171875 0.025
-1 0.689844 0.424219 0.0296875 0.0296875
-1 0.540625 0.253125 0.034375 0.034375
-1 0.571875 0.317969 0.025 0.0265625
-1 0.566406 0.203125 0.0390625 0.025
-1 0.692187 0.021875 0.028125 0.021875
-1 0.710156 0.241406 0.0328125 0.0328125
