-1 0.4625 0.305469 0.071875 0.0390625
-1 0.107031 0.494531 0.0484375 0.0578125
-1 0.164844 0.135156 0.0453125 0.0765625
-1 0.142187 0.275781 0.05625 0.0546875
-1 0.325781 0.248438 0.0515625 0.04375
-1 0.740625 0.382031 0.078125 0.0671875
-1 0.191406 0.225 0.0453125 0.084375
-1 0.0273438 0.0742188 0.0546875 0.0421875
-1 0.040625 0.0414062 0.028125 0.0328125
-1 0.385937 0.289844 0.06875 0.0515625
-1 0.297656 0.175 0.0515625 0.0375
-1 0.385937 0.110937 0.053125 0.034375
-1 0.204687 0.103906 0.046875 0.0390625
-1 0.514062 0.0179687 0.04375 0.0359375
-1 0.333594 0.0132812 0.0515625 0.0265625
-1 0.608594 0.0828125 0.0578125 0.059375
-1 0.440625 0.06875 0.06875 0.05
-1 0.252344 0.0945312 0.0453125 0.0421875
-1 0.161719 0.0703125 0.0671875 0.0625
-1 0.299219 0.0546875 0.0578125 0.034375
-1 0.300781 0.123438 0.0859375 0.040625
-1 0.3375 0.165625 0.053125 0.0375
-1 0.571094 0.154688 0.0890625 0.053125
-1 0.553906 0.250781 0.0546875 0.0578125
-1 0.549219 0.182812 0.0453125 0.05
-1 0.733594 0.133594 0.0671875 0.0734375
-1 0.784375 0.0390625 0.046875 0.053125
-1 0.935156 0.204687 0.0890625 0.071875
-1 0.86875 0.153125 0.065625 0.078125
