-1 0.960156 0.407813 0.0734375 0.0375
-1 0.857031 0.625781 0.0890625 0.0578125
-1 0.59375 0.282813 0.06875 0.05
-1 0.489063 0.275 0.0875 0.05
-1 0.39375 0.259375 0.065625 0.040625
-1 0.296094 0.371094 0.0984375 0.0640625
-1 0.552344 0.498437 0.0546875 0.0625
-1 0.614062 0.326562 0.0625 0.053125
-1 0.886719 0.402344 0.0890625 0.0515625
-1 0.366406 0.34375 0.0609375 0.05625
-1 0.708594 0.616406 0.0953125 0.0671875
-1 0.467187 0.664844 0.11875 0.0921875
-1 0.364844 0.164844 0.110937 0.0640625
-1 0.270313 0.214844 0.071875 0.0578125
-1 0.0296875 0.215625 0.059375 0.08125
-1 0.0609375 0.250781 0.0875 0.0484375
