-1 0.0773438 0.560156 0.0421875 0.0359375
-1 0.307812 0.725 0.046875 0.040625
-1 0.139844 0.753125 0.0328125 0.034375
-1 0.520312 0.809375 0.04375 0.028125
-1 0.924219 0.916406 0.0515625 0.0578125
-1 0.164062 0.809375 0.05625 0.053125
-1 0.854688 0.979688 0.078125 0.040625
-1 0.639844 0.967969 0.0890625 0.0640625
-1 0.645312 0.975781 0.09375 0.0484375
-1 0.441406 0.882031 0.0796875 0.0578125
-1 0.500781 0.965625 0.0734375 0.06875
-1 0.375781 0.840625 0.0703125 0.06875
-1 0.447656 0.928125 0.0546875 0.053125
-1 0.4 0.942969 0.0625 0.0578125
-1 0.421094 0.836719 0.0671875 0.0453125
-1 0.613281 0.748437 0.0515625 0.046875
-1 0.320312 0.733594 0.046875 0.0421875
-1 0.305469 0.758594 0.0734375 0.0578125
-1 0.0132812 0.742188 0.0265625 0.06875
