-1 0.870313 0.244531 0.090625 0.0390625
-1 0.660937 0.0109375 0.05 0.021875
-1 0.266406 0.0875 0.0765625 0.065625
-1 0.350781 0.136719 0.0703125 0.0984375
-1 0.274219 0.149219 0.0578125 0.0546875
-1 0.00390625 0.0390625 0.0078125 0.053125
-1 0.135156 0.204687 0.0890625 0.071875
-1 0.06875 0.153125 0.065625 0.078125
-1 0.417187 0.307812 0.071875 0.08125
-1 0.445312 0.411719 0.059375 0.0640625
-1 0.692187 0.434375 0.05 0.05625
-1 0.502344 0.198437 0.0609375 0.053125
-1 0.791406 0.124219 0.0765625 0.0828125
-1 0.725781 0.0164063 0.0796875 0.0328125
-1 0.76875 0.242188 0.06875 0.0625
-1 0.703906 0.0617188 0.0671875 0.0640625
-1 0.978125 0.207813 0.04375 0.0625
