-1 0.729688 0.216406 0.053125 0.0515625
-1 0.5625 0.01875 0.03125 0.0375
-1 0.257812 0.0820312 0.05 0.0671875
-1 0.321094 0.114844 0.0859375 0.0546875
-1 0.132031 0.179688 0.0703125 0.071875
-1 0.05 0.154688 0.065625 0.06875
-1 0.964063 0.034375 0.05625 0.053125
-1 0.396875 0.255469 0.059375 0.0921875
-1 0.402344 0.340625 0.0453125 0.053125
-1 0.633594 0.367188 0.0453125 0.05625
-1 0.457031 0.174219 0.0640625 0.0734375
-1 0.958594 0.259375 0.0828125 0.075
-1 0.98125 0.338281 0.0375 0.0578125
-1 0.701562 0.124219 0.078125 0.0640625
-1 0.664844 0.0125 0.0734375 0.025
-1 0.649219 0.194531 0.0609375 0.0640625
-1 0.657813 0.0539063 0.0375 0.0546875
