-1 0.461719 0.267188 0.0421875 0.0625
-1 0.135156 0.433594 0.0484375 0.0578125
-1 0.166406 0.128125 0.0921875 0.046875
-1 0.165625 0.230469 0.05625 0.0546875
-1 0.328906 0.201563 0.0515625 0.04375
-1 0.729688 0.320312 0.065625 0.06875
-1 0.204687 0.182031 0.075 0.0578125
-1 0.397656 0.236719 0.0703125 0.0359375
-1 0.317188 0.149219 0.03125 0.0265625
-1 0.396094 0.111719 0.0453125 0.0359375
-1 0.207813 0.0851563 0.046875 0.0390625
-1 0.515625 0.0125 0.040625 0.025
-1 0.325781 0.0210938 0.0421875 0.0421875
-1 0.564844 0.075 0.0578125 0.059375
-1 0.439063 0.0523438 0.05 0.0515625
-1 0.0796875 0.0148437 0.04375 0.0296875
-1 0.280469 0.0664062 0.0453125 0.0421875
-1 0.307031 0.053125 0.0359375 0.0375
-1 0.321094 0.0976562 0.0609375 0.0421875
-1 0.494531 0.167187 0.0671875 0.0625
-1 0.546094 0.214062 0.0640625 0.04375
-1 0.54375 0.116406 0.059375 0.0484375
-1 0.753906 0.0296875 0.0453125 0.053125
-1 0.932031 0.179688 0.0703125 0.071875
-1 0.85 0.154688 0.065625 0.06875
