-1 0.24375 0.550781 0.034375 0.0265625
-1 0.624219 0.515625 0.0328125 0.040625
-1 0.661719 0.722656 0.0296875 0.0265625
-1 0.166406 0.903125 0.0921875 0.046875
-1 0.165625 0.989062 0.05625 0.021875
-1 0.328906 0.976562 0.0515625 0.04375
-1 0.204687 0.957031 0.075 0.0578125
-1 0.397656 0.996875 0.0703125 0.00625
-1 0.317188 0.924219 0.03125 0.0265625
-1 0.396094 0.886719 0.0453125 0.0359375
-1 0.207813 0.860156 0.046875 0.0390625
-1 0.515625 0.777344 0.040625 0.0453125
-1 0.325781 0.792188 0.0421875 0.05
-1 0.564844 0.85 0.0578125 0.059375
-1 0.439063 0.827344 0.05 0.0515625
-1 0.0796875 0.782031 0.04375 0.0453125
-1 0.280469 0.841406 0.0453125 0.0421875
-1 0.307031 0.828125 0.0359375 0.0375
-1 0.321094 0.872656 0.0609375 0.0421875
-1 0.494531 0.942187 0.0671875 0.0625
-1 0.546094 0.983594 0.0640625 0.0328125
-1 0.54375 0.891406 0.059375 0.0484375
-1 0.753906 0.804688 0.0453125 0.053125
-1 0.932031 0.954688 0.0703125 0.071875
-1 0.85 0.929688 0.065625 0.06875
