-1 0.544531 0.674219 0.0421875 0.0296875
-1 0.877344 0.560156 0.0421875 0.0359375
-1 0.939844 0.753125 0.0328125 0.034375
-1 0.729688 0.982812 0.053125 0.034375
-1 0.5625 0.791406 0.03125 0.0421875
-1 0.257812 0.857031 0.05 0.0671875
-1 0.321094 0.889844 0.0859375 0.0546875
-1 0.132031 0.954688 0.0703125 0.071875
-1 0.05 0.929688 0.065625 0.06875
-1 0.964063 0.809375 0.05625 0.053125
-1 0.396875 0.992188 0.059375 0.015625
-1 0.457031 0.949219 0.0640625 0.0734375
-1 0.542188 0.6125 0.053125 0.040625
-1 0.764844 0.708594 0.0734375 0.0609375
-1 0.591406 0.659375 0.0765625 0.046875
-1 0.701562 0.899219 0.078125 0.0640625
-1 0.664844 0.76875 0.0734375 0.0625
-1 0.649219 0.96875 0.0609375 0.0625
-1 0.557031 0.723437 0.0515625 0.06875
-1 0.6625 0.700781 0.06875 0.0546875
-1 0.657813 0.828906 0.0375 0.0546875
-1 0.802344 0.742188 0.0484375 0.06875
