-1 0.510156 0.5375 0.0703125 0.078125
-1 0.444531 0.423438 0.0859375 0.059375
-1 0.254688 0.065625 0.04375 0.0375
-1 0.604688 0.03125 0.0375 0.034375
-1 0.907031 0.494531 0.0484375 0.0578125
-1 0.964844 0.135156 0.0453125 0.0765625
-1 0.942187 0.275781 0.05625 0.0546875
-1 0.579688 0.900781 0.059375 0.0796875
-1 0.984375 0.225 0.03125 0.084375
-1 0.825781 0.0742188 0.0578125 0.0421875
-1 0.840625 0.0414062 0.028125 0.0328125
-1 0.990625 0.103906 0.01875 0.0390625
-1 0.961719 0.0703125 0.0671875 0.0625
