-1 0.925781 0.560156 0.0953125 0.0609375
-1 0.6625 0.371875 0.05625 0.046875
-1 0.552344 0.565625 0.0609375 0.078125
-1 0.367188 0.274219 0.05 0.0515625
-1 0.240625 0.253906 0.059375 0.0515625
-1 0.167969 0.267188 0.0609375 0.04375
-1 0.0851563 0.338281 0.0515625 0.0671875
-1 0.326562 0.478125 0.13125 0.05625
-1 0.360156 0.297656 0.0859375 0.0453125
-1 0.552344 0.378125 0.0703125 0.059375
-1 0.165625 0.326562 0.0625 0.05
-1 0.442969 0.58125 0.0546875 0.04375
-1 0.227344 0.641406 0.0453125 0.0515625
-1 0.124219 0.141406 0.0515625 0.0578125
-1 0.0546875 0.2125 0.078125 0.05625
