-1 0.520312 0.034375 0.04375 0.028125
-1 0.967969 0.267188 0.0609375 0.04375
-1 0.885156 0.338281 0.0515625 0.0671875
-1 0.965625 0.326562 0.0625 0.05
-1 0.924219 0.141406 0.0515625 0.0578125
-1 0.164062 0.034375 0.05625 0.053125
-1 0.36875 0.407031 0.084375 0.0859375
-1 0.330469 0.357031 0.0796875 0.0953125
-1 0.160938 0.259375 0.0875 0.075
-1 0.854688 0.2125 0.078125 0.05625
-1 0.639844 0.194531 0.0890625 0.0671875
-1 0.204687 0.338281 0.084375 0.0578125
-1 0.645312 0.207031 0.09375 0.0609375
-1 0.441406 0.107031 0.0796875 0.0578125
-1 0.500781 0.192188 0.0734375 0.071875
-1 0.2625 0.338281 0.053125 0.0796875
-1 0.375781 0.065625 0.0703125 0.06875
-1 0.447656 0.153125 0.0546875 0.053125
-1 0.4 0.167969 0.0625 0.0578125
-1 0.421094 0.0617188 0.0671875 0.0453125
-1 0.305469 0.00625 0.0734375 0.0125
