-1 0.592969 0.665625 0.0453125 0.04375
-1 0.989844 0.564063 0.0203125 0.034375
-1 0.660937 0.78125 0.05 0.03125
-1 0.266406 0.8625 0.0765625 0.065625
-1 0.350781 0.911719 0.0703125 0.0984375
-1 0.274219 0.924219 0.0578125 0.0546875
-1 0.00390625 0.814063 0.0078125 0.053125
-1 0.135156 0.971875 0.0890625 0.05625
-1 0.06875 0.928125 0.065625 0.078125
-1 0.502344 0.973437 0.0609375 0.053125
-1 0.616406 0.605469 0.0515625 0.0546875
-1 0.819531 0.707031 0.0734375 0.0609375
-1 0.654687 0.679688 0.090625 0.053125
-1 0.791406 0.899219 0.0765625 0.0828125
-1 0.725781 0.777344 0.0796875 0.0609375
-1 0.76875 0.992969 0.06875 0.0140625
-1 0.464844 0.722656 0.0546875 0.0453125
-1 0.601562 0.739844 0.05625 0.0578125
-1 0.728125 0.710156 0.06875 0.0640625
-1 0.703906 0.836719 0.0671875 0.0640625
-1 0.978125 0.975781 0.04375 0.0484375
-1 0.824219 0.753125 0.0546875 0.046875
-1 0.879687 0.751563 0.05625 0.04375
