-1 0.210938 0.564063 0.0625 0.034375
-1 0.382031 0.696875 0.0609375 0.034375
-1 0.263281 0.778125 0.0328125 0.034375
-1 0.697656 0.832812 0.0546875 0.025
-1 0.301563 0.832812 0.0625 0.06875
-1 0.817969 0.975 0.0828125 0.05
-1 0.028125 0.707031 0.05625 0.0609375
-1 0.583594 0.895312 0.0734375 0.05625
-1 0.0148437 0.899219 0.0296875 0.0828125
-1 0.665625 0.976562 0.090625 0.046875
-1 0.526563 0.871094 0.071875 0.0703125
-1 0.611719 0.958594 0.0671875 0.0578125
-1 0.550781 0.96875 0.0734375 0.05625
-1 0.200781 0.975781 0.0890625 0.0484375
-1 0.449219 0.846875 0.0421875 0.06875
-1 0.682813 0.767188 0.05625 0.05
-1 0.464844 0.746875 0.0609375 0.05625
-1 0.365625 0.75625 0.046875 0.053125
-1 0.0257812 0.753125 0.0515625 0.046875
-1 0.0796875 0.751563 0.05625 0.04375
