-1 0.263281 0.0101563 0.0328125 0.0203125
-1 0.0703125 0.244531 0.090625 0.0390625
-1 0.697656 0.0578125 0.0546875 0.025
-1 0.301563 0.0578125 0.0625 0.06875
-1 0.496094 0.448437 0.0828125 0.071875
-1 0.436719 0.385156 0.0796875 0.0953125
-1 0.35625 0.302344 0.09375 0.0765625
-1 0.817969 0.215625 0.0828125 0.08125
-1 0.310156 0.367188 0.0609375 0.05625
-1 0.860938 0.250781 0.0875 0.0484375
-1 0.583594 0.120313 0.0734375 0.05625
-1 0.0148437 0.124219 0.0296875 0.0828125
-1 0.665625 0.208594 0.090625 0.0609375
-1 0.357031 0.373437 0.0734375 0.078125
-1 0.526563 0.0960938 0.071875 0.0703125
-1 0.611719 0.183594 0.0671875 0.0578125
-1 0.550781 0.19375 0.0734375 0.05625
-1 0.200781 0.207813 0.0890625 0.0625
-1 0.449219 0.071875 0.0421875 0.06875
-1 0.682813 0.00859375 0.05625 0.0171875
-1 0.365625 0.00390625 0.046875 0.0078125
