-1 0.439063 0.311719 0.021875 0.0296875
-1 0.677344 0.6375 0.0265625 0.025
-1 0.552344 0.398438 0.0203125 0.021875
-1 0.155469 0.125781 0.0328125 0.0203125
-1 0.0210938 0.208594 0.0234375 0.0203125
-1 0.342187 0.153125 0.025 0.025
-1 0.542188 0.414062 0.03125 0.03125
-1 0.425 0.114844 0.03125 0.0296875
-1 0.745313 0.430469 0.03125 0.0265625
-1 0.316406 0.130469 0.0234375 0.0234375
-1 0.54375 0.239063 0.0375 0.0375
-1 0.989844 0.0625 0.0203125 0.021875
-1 0.745313 0.46875 0.03125 0.0375
-1 0.599219 0.278906 0.0234375 0.0234375
-1 0.61875 0.335938 0.025 0.04375
-1 0.997656 0.0445313 0.0046875 0.0265625
-1 0.661719 0.232813 0.0359375 0.025
-1 0.771094 0.0515625 0.0296875 0.03125
-1 0.775781 0.298438 0.0296875 0.028125
