-1 0.195312 0.613281 0.04375 0.0359375
-1 0.475781 0.559375 0.0296875 0.028125
-1 0.692969 0.620313 0.0328125 0.021875
-1 0.655469 0.692187 0.0359375 0.03125
-1 0.453125 0.89375 0.0375 0.075
-1 0.854688 0.741406 0.0375 0.0421875
-1 0.33125 0.775 0.03125 0.028125
-1 0.284375 0.825 0.053125 0.065625
-1 0.120313 0.848437 0.04375 0.05625
-1 0.664844 0.750781 0.0546875 0.0453125
-1 0.342187 0.892188 0.05625 0.04375
-1 0.910156 0.982031 0.0703125 0.0359375
-1 0.614844 0.960938 0.0671875 0.06875
-1 0.978906 0.882812 0.0421875 0.046875
-1 0.925 0.85 0.08125 0.065625
-1 0.589063 0.714063 0.0625 0.06875
-1 0.703125 0.957812 0.053125 0.065625
-1 0.90625 0.855469 0.0625 0.0453125
-1 0.83125 0.836719 0.046875 0.0484375
-1 0.509375 0.655469 0.053125 0.0421875
-1 0.521094 0.813281 0.0765625 0.0578125
-1 0.466406 0.724219 0.0515625 0.0453125
-1 0.396875 0.896094 0.040625 0.0671875
