-1 0.971094 0.180469 0.0390625 0.0484375
-1 0.961719 0.414844 0.0703125 0.0390625
-1 0.846875 0.336719 0.059375 0.0515625
-1 0.763281 0.278125 0.0640625 0.040625
-1 0.694531 0.396094 0.0484375 0.0484375
-1 0.690625 0.351562 0.071875 0.04375
-1 0.575781 0.340625 0.0671875 0.04375
-1 0.610938 0.389844 0.05625 0.0515625
-1 0.41875 0.348438 0.040625 0.040625
-1 0.410156 0.228125 0.0390625 0.053125
-1 0.261719 0.075 0.0796875 0.028125
-1 0.171875 0.171875 0.034375 0.04375
-1 0.233594 0.221875 0.0421875 0.059375
-1 0.324219 0.253906 0.0296875 0.0296875
-1 0.313281 0.189062 0.0359375 0.03125
-1 0.302344 0.241406 0.0296875 0.0265625
-1 0.298438 0.261719 0.034375 0.0265625
-1 0.165625 0.123438 0.04375 0.03125
-1 0.103125 0.0765625 0.059375 0.04375
-1 0.0523438 0.0664062 0.0703125 0.0609375
-1 0.0226562 0.0492187 0.0453125 0.0453125
