-1 0.133594 0.6 0.0421875 0.03125
-1 0.397656 0.567187 0.0296875 0.028125
-1 0.621875 0.6 0.028125 0.028125
-1 0.610156 0.675 0.0359375 0.03125
-1 0.427344 0.871094 0.0421875 0.0359375
-1 0.766406 0.727344 0.0359375 0.0265625
-1 0.310937 0.7625 0.03125 0.028125
-1 0.971875 0.946875 0.034375 0.04375
-1 0.965625 0.898438 0.04375 0.03125
-1 0.620313 0.725781 0.046875 0.0453125
-1 0.761719 0.984375 0.0828125 0.03125
-1 0.574219 0.935937 0.0671875 0.06875
-1 0.903125 0.851562 0.059375 0.04375
-1 0.852344 0.841406 0.0703125 0.0609375
-1 0.552344 0.709375 0.0578125 0.0625
-1 0.658594 0.914844 0.0546875 0.0515625
-1 0.817969 0.824219 0.0546875 0.0453125
-1 0.492188 0.653906 0.04375 0.0484375
-1 0.50625 0.778125 0.053125 0.065625
-1 0.432031 0.705469 0.0328125 0.0328125
