-1 0.453125 0.11875 0.0375 0.075
-1 0.33125 0.00703125 0.03125 0.0140625
-1 0.06875 0.761719 0.09375 0.0578125
-1 0.284375 0.05 0.053125 0.065625
-1 0.120313 0.0734375 0.04375 0.05625
-1 0.342187 0.117188 0.05625 0.04375
-1 0.85625 0.260156 0.0625 0.0546875
-1 0.910156 0.226562 0.0703125 0.075
-1 0.614844 0.185938 0.0671875 0.06875
-1 0.978906 0.107813 0.0421875 0.046875
-1 0.925 0.075 0.08125 0.065625
-1 0.703125 0.182812 0.053125 0.065625
-1 0.90625 0.0804688 0.0625 0.0453125
-1 0.83125 0.0617188 0.046875 0.0484375
-1 0.521094 0.0382813 0.0765625 0.0578125
-1 0.396875 0.121094 0.040625 0.0671875
