-1 0.942969 0.282031 0.0609375 0.0609375
-1 0.85 0.421875 0.046875 0.040625
-1 0.840625 0.404687 0.0625 0.05
-1 0.692187 0.335156 0.059375 0.0703125
-1 0.792188 0.439844 0.06875 0.0546875
-1 0.557813 0.390625 0.0875 0.034375
-1 0.526563 0.246094 0.04375 0.0453125
-1 0.364844 0.105469 0.0484375 0.0421875
-1 0.28125 0.179688 0.034375 0.04375
-1 0.3125 0.257812 0.040625 0.040625
-1 0.44375 0.296875 0.059375 0.034375
-1 0.428906 0.2125 0.0546875 0.03125
-1 0.430469 0.253125 0.0328125 0.04375
-1 0.385937 0.282813 0.03125 0.04375
-1 0.483594 0.38125 0.0515625 0.04375
-1 0.276562 0.1625 0.04375 0.03125
-1 0.05625 0.260156 0.0625 0.0546875
-1 0.110156 0.226562 0.0703125 0.075
-1 0.185156 0.107813 0.0546875 0.046875
-1 0.125 0.075 0.08125 0.065625
-1 0.10625 0.0804688 0.0625 0.0453125
-1 0.03125 0.0617188 0.046875 0.0484375
