-1 0.0132812 0.575781 0.0265625 0.0359375
-1 0.0796875 0.0726563 0.046875 0.0328125
-1 0.0789062 0.591406 0.0421875 0.0234375
-1 0.133594 0.335156 0.0421875 0.0296875
-1 0.4 0.346875 0.0375 0.034375
-1 0.207813 0.255469 0.05 0.0265625
-1 0.552344 0.83125 0.0296875 0.028125
-1 0.230469 0.582031 0.0421875 0.0328125
-1 0.614062 0.901563 0.040625 0.028125
-1 0.546875 0.383594 0.05 0.0328125
-1 0.688281 0.345313 0.0484375 0.028125
-1 0.728125 0.596094 0.040625 0.0390625
-1 0.870313 0.511719 0.04375 0.0328125
-1 0.947656 0.444531 0.0453125 0.0328125
