-1 0.04375 0.310156 0.021875 0.0296875
-1 0.290625 0.446094 0.025 0.0359375
-1 0.446875 0.363281 0.028125 0.0234375
-1 0.264062 0.0164063 0.040625 0.0328125
-1 0.316406 0.260156 0.0328125 0.0328125
-1 0.0914062 0.413281 0.0296875 0.0296875
-1 0.50625 0.321094 0.040625 0.0234375
-1 0.56875 0.432031 0.040625 0.0359375
-1 0.569531 0.205469 0.0359375 0.0265625
-1 0.808594 0.575781 0.0359375 0.0359375
-1 0.628125 0.382031 0.028125 0.0265625
-1 0.879687 0.0726563 0.046875 0.0328125
-1 0.667188 0.496094 0.040625 0.0359375
-1 0.6875 0.242188 0.0375 0.034375
-1 0.878906 0.591406 0.0421875 0.0234375
-1 0.623437 0.402344 0.05 0.0328125
-1 0.745313 0.510938 0.0375 0.0375
-1 0.675 0.321094 0.0375 0.0359375
-1 0.933594 0.335156 0.0421875 0.0296875
-1 0.991406 0.255469 0.0171875 0.0265625
