-1 0.378125 0.274219 0.021875 0.0296875
-1 0.714844 0.488281 0.0234375 0.0234375
-1 0.113281 0.524219 0.0296875 0.0140625
-1 0.346875 0.34375 0.03125 0.03125
-1 0.311719 0.463281 0.0265625 0.0296875
-1 0.694531 0.211719 0.0359375 0.0203125
-1 0.3375 0.296094 0.028125 0.0234375
-1 0.342187 0.246875 0.021875 0.03125
-1 0.225 0.359375 0.025 0.021875
-1 0.58125 0.153125 0.0375 0.034375
-1 0.746875 0.389062 0.025 0.021875
-1 0.139063 0.767188 0.028125 0.028125
-1 0.228906 0.789844 0.0265625 0.0234375
-1 0.50625 0.0695313 0.03125 0.0390625
-1 0.1125 0.028125 0.0375 0.028125
-1 0.508594 0.336719 0.0390625 0.0234375
-1 0.705469 0.0328125 0.0359375 0.03125
-1 0.507031 0.405469 0.0328125 0.0265625
