-1 0.407813 0.297656 0.021875 0.0296875
-1 0.721875 0.627344 0.028125 0.0328125
-1 0.382031 0.466406 0.0171875 0.0171875
-1 0.0125 0.0539063 0.025 0.0203125
-1 0.3875 0.379688 0.03125 0.03125
-1 0.5625 0.367969 0.028125 0.0234375
-1 0.0429688 0.0992187 0.0328125 0.0265625
-1 0.986719 0.120313 0.0265625 0.025
-1 0.500781 0.300781 0.0296875 0.0296875
-1 0.45625 0.240625 0.025 0.028125
-1 0.360938 0.320312 0.025 0.021875
-1 0.989844 0.100781 0.0203125 0.0328125
-1 0.221875 0.0695313 0.025 0.0265625
-1 0.919531 0.344531 0.0234375 0.0234375
-1 0.753125 0.735156 0.03125 0.0265625
-1 0.440625 0.0796875 0.03125 0.034375
-1 0.735156 0.775781 0.0265625 0.0234375
-1 0.959375 0.157031 0.034375 0.0234375
-1 0.728125 0.117969 0.0375 0.0265625
-1 0.828125 0.310156 0.028125 0.0234375
-1 0.990625 0.290625 0.01875 0.021875
