-1 0.975781 0.539062 0.0140625 0.0125
-1 0.257031 0.425 0.0140625 0.0125
-1 0.532031 0.375 0.0140625 0.0125
-1 0.628906 0.346875 0.0140625 0.0125
-1 0.777344 0.314063 0.0140625 0.0125
-1 0.429688 0.591406 0.0125 0.0140625
-1 0.674219 0.559375 0.0140625 0.0125
-1 0.711719 0.551562 0.0140625 0.0125
-1 0.735938 0.547656 0.015625 0.0140625
-1 0.760938 0.54375 0.0125 0.0125
-1 0.842969 0.546875 0.0140625 0.0125
-1 0.820312 0.532813 0.0125 0.0125
-1 0.859375 0.525 0.0125 0.0125
-1 0.919531 0.517969 0.0140625 0.0140625
