-1 0.39375 0.289844 0.021875 0.0296875
-1 0.727344 0.546875 0.0171875 0.015625
-1 0.327344 0.474219 0.0265625 0.0203125
-1 0.370312 0.360938 0.03125 0.03125
-1 0.459375 0.390625 0.028125 0.01875
-1 0.915625 0.174219 0.03125 0.0296875
-1 0.422656 0.261719 0.0265625 0.0265625
-1 0.440625 0.240625 0.025 0.028125
-1 0.284375 0.341406 0.034375 0.0234375
-1 0.869531 0.13125 0.0390625 0.028125
-1 0.835156 0.352344 0.0296875 0.0234375
-1 0.526563 0.747656 0.03125 0.0265625
-1 0.328906 0.0140625 0.0296875 0.028125
-1 0.542969 0.771094 0.0265625 0.0234375
-1 0.803906 0.158594 0.0328125 0.0296875
-1 0.492188 0.0960938 0.0375 0.0265625
-1 0.6875 0.304688 0.025 0.025
-1 0.922656 0.14375 0.0359375 0.034375
-1 0.821875 0.3375 0.03125 0.03125
