-1 0.182812 0.510938 0.034375 0.028125
-1 0.226562 0.003125 0.034375 0.00625
-1 0.00390625 0.361719 0.0078125 0.0265625
-1 0.223438 0.103125 0.0375 0.034375
-1 0.208594 0.564063 0.0328125 0.025
-1 0.0203125 0.379688 0.028125 0.025
-1 0.184375 0.117969 0.028125 0.0484375
-1 0.152344 0.280469 0.0421875 0.0296875
-1 0.538281 0.340625 0.0359375 0.025
-1 0.227344 0.142969 0.0421875 0.0328125
-1 0.663281 0.80625 0.0296875 0.028125
-1 0.238281 0.419531 0.0390625 0.0359375
-1 0.689844 0.875 0.0328125 0.025
-1 0.635938 0.286719 0.021875 0.0171875
-1 0.657031 0.242188 0.0390625 0.034375
-1 0.689063 0.473438 0.034375 0.025
-1 0.872656 0.410938 0.0421875 0.025
-1 0.894531 0.350781 0.0421875 0.0265625
