-1 0.496875 0.317969 0.021875 0.0296875
-1 0.684375 0.544531 0.025 0.0265625
-1 0.719531 0.346875 0.0390625 0.025
-1 0.4375 0.185938 0.034375 0.025
-1 0.238281 0.278125 0.0296875 0.01875
-1 0.603125 0.240625 0.028125 0.021875
-1 0.729688 0.416406 0.0375 0.0265625
-1 0.684375 0.153125 0.03125 0.025
-1 0.982812 0.510938 0.034375 0.028125
-1 0.622656 0.246875 0.0265625 0.03125
-1 0.790625 0.361719 0.034375 0.0265625
-1 0.996094 0.564063 0.0078125 0.025
-1 0.767969 0.295312 0.0203125 0.046875
-1 0.820312 0.379688 0.028125 0.025
-1 0.984375 0.117969 0.028125 0.0484375
-1 0.952344 0.280469 0.0421875 0.0296875
