-1 0.8 0.0796875 0.028125 0.025
-1 0.864844 0.949219 0.0203125 0.0203125
-1 0.660937 0.344531 0.034375 0.0234375
-1 0.782813 0.978125 0.03125 0.03125
-1 0.879687 0.99375 0.028125 0.0125
-1 0.778906 0.985938 0.0234375 0.025
-1 0.996094 0.634375 0.0078125 0.021875
-1 0.679688 0.401562 0.034375 0.021875
-1 0.292969 0.997656 0.0234375 0.0046875
-1 0.732812 0.510156 0.028125 0.0234375
-1 0.771875 0.621875 0.03125 0.028125
-1 0.991406 0.592969 0.0171875 0.0203125
-1 0.796094 0.721094 0.0296875 0.0234375
