-1 0.973437 0.539844 0.0125 0.0140625
-1 0.257031 0.426563 0.0140625 0.0125
-1 0.53125 0.375 0.0125 0.0125
-1 0.627344 0.346875 0.0140625 0.0125
-1 0.775781 0.314063 0.0140625 0.0125
-1 0.428125 0.592187 0.0125 0.0125
-1 0.671094 0.559375 0.0140625 0.0125
-1 0.710156 0.551562 0.0140625 0.0125
-1 0.734375 0.547656 0.015625 0.0140625
-1 0.759375 0.54375 0.0125 0.0125
-1 0.841406 0.548438 0.0140625 0.0125
-1 0.820312 0.532813 0.0125 0.0125
-1 0.857812 0.526563 0.0125 0.0125
-1 0.917969 0.521094 0.0140625 0.0140625
