-1 0.973437 0.541406 0.0125 0.0109375
-1 0.257031 0.428906 0.0140625 0.0109375
-1 0.530469 0.376563 0.0109375 0.009375
-1 0.627344 0.35 0.0140625 0.0125
-1 0.775781 0.315625 0.0140625 0.0125
-1 0.426563 0.595313 0.0125 0.0125
-1 0.671094 0.560937 0.0140625 0.0125
-1 0.708594 0.554688 0.0140625 0.0125
-1 0.735938 0.549219 0.015625 0.0140625
-1 0.757812 0.545312 0.0125 0.0125
-1 0.841406 0.548438 0.0140625 0.0125
-1 0.81875 0.534375 0.0125 0.0125
-1 0.85625 0.526563 0.0125 0.0125
-1 0.916406 0.522656 0.0140625 0.0140625
