-1 0.5 0.68125 0.034375 0.04375
-1 0.821094 0.559375 0.0546875 0.0375
-1 0.892969 0.74375 0.0328125 0.034375
-1 0.678906 0.973437 0.0421875 0.053125
-1 0.517188 0.788281 0.034375 0.0328125
-1 0.264844 0.85625 0.0578125 0.065625
-1 0.30625 0.873437 0.075 0.053125
-1 0.13125 0.942969 0.0625 0.0734375
-1 0.053125 0.926562 0.065625 0.06875
-1 0.913281 0.799219 0.0609375 0.0546875
-1 0.441406 0.935937 0.0734375 0.090625
-1 0.514062 0.605469 0.05 0.0328125
-1 0.9 0.986719 0.090625 0.0265625
-1 0.738281 0.708594 0.0734375 0.0609375
-1 0.571094 0.664062 0.0609375 0.040625
-1 0.663281 0.896094 0.0640625 0.0578125
-1 0.632031 0.769531 0.0578125 0.0609375
-1 0.602344 0.957031 0.0609375 0.0640625
-1 0.541406 0.713281 0.0640625 0.0609375
-1 0.632031 0.696094 0.0703125 0.0515625
