-1 0.248438 0.553906 0.034375 0.0265625
-1 0.475 0.990625 0.0375 0.01875
-1 0.619531 0.515625 0.0328125 0.040625
-1 0.657031 0.70625 0.0265625 0.04375
-1 0.170313 0.899219 0.065625 0.0484375
-1 0.167187 0.983594 0.05625 0.0328125
-1 0.322656 0.960938 0.0515625 0.04375
-1 0.221875 0.939063 0.046875 0.05
-1 0.400781 0.9875 0.0609375 0.025
-1 0.31875 0.905469 0.03125 0.0265625
-1 0.402344 0.885156 0.0453125 0.0359375
-1 0.209375 0.852344 0.046875 0.0390625
-1 0.516406 0.770312 0.0390625 0.05
-1 0.321094 0.772656 0.0390625 0.0515625
-1 0.0890625 0.813281 0.084375 0.0296875
-1 0.550781 0.834375 0.0578125 0.059375
-1 0.439063 0.819531 0.040625 0.0515625
-1 0.09375 0.766406 0.04375 0.0453125
-1 0.297656 0.821094 0.0453125 0.0421875
-1 0.307031 0.860938 0.0578125 0.04375
-1 0.479687 0.940625 0.0625 0.059375
-1 0.535156 0.980469 0.0484375 0.0296875
-1 0.539062 0.877344 0.04375 0.0671875
-1 0.742188 0.790625 0.046875 0.053125
-1 0.93125 0.942969 0.0625 0.0734375
-1 0.853125 0.926562 0.065625 0.06875
