-1 0.475 0.225 0.0375 0.0375
-1 0.142969 0.392969 0.0484375 0.0578125
-1 0.170313 0.124219 0.065625 0.0484375
-1 0.167187 0.219531 0.05625 0.0546875
-1 0.322656 0.185938 0.0515625 0.04375
-1 0.725781 0.296875 0.0609375 0.05625
-1 0.221875 0.164062 0.046875 0.05
-1 0.400781 0.217969 0.0609375 0.0359375
-1 0.31875 0.130469 0.03125 0.0265625
-1 0.402344 0.110156 0.0453125 0.0359375
-1 0.209375 0.0773438 0.046875 0.0390625
-1 0.516406 0.0101563 0.0390625 0.0203125
-1 0.321094 0.0117188 0.0390625 0.0234375
-1 0.0890625 0.0382813 0.084375 0.0296875
-1 0.550781 0.059375 0.0578125 0.059375
-1 0.439063 0.0445313 0.040625 0.0515625
-1 0.09375 0.00703125 0.04375 0.0140625
-1 0.297656 0.0460938 0.0453125 0.0421875
-1 0.307031 0.0859375 0.0578125 0.04375
-1 0.479687 0.165625 0.0625 0.059375
-1 0.535156 0.205469 0.0484375 0.0296875
-1 0.539062 0.102344 0.04375 0.0671875
-1 0.742188 0.0210938 0.046875 0.0421875
-1 0.93125 0.167969 0.0625 0.0734375
-1 0.853125 0.151562 0.065625 0.06875
