-1 0.795312 0.539062 0.05625 0.0625
-1 0.948438 0.447656 0.05625 0.0515625
-1 0.525 0.371875 0.05625 0.046875
-1 0.428125 0.53125 0.121875 0.0875
-1 0.267188 0.263281 0.05 0.0515625
-1 0.136719 0.221875 0.0484375 0.05
-1 0.0609375 0.258594 0.040625 0.0359375
-1 0.0242188 0.336719 0.0484375 0.0671875
-1 0.229687 0.471094 0.078125 0.0609375
-1 0.232031 0.289844 0.0546875 0.0515625
-1 0.401562 0.363281 0.08125 0.0609375
-1 0.0671875 0.309375 0.0625 0.05
-1 0.325781 0.553125 0.0546875 0.04375
-1 0.124219 0.625781 0.0453125 0.0515625
-1 0.0171875 0.15625 0.034375 0.059375
