-1 0.678906 0.203125 0.0421875 0.0625
-1 0.517188 0.0148437 0.034375 0.0296875
-1 0.264844 0.08125 0.0578125 0.065625
-1 0.30625 0.0984375 0.075 0.053125
-1 0.13125 0.167969 0.0625 0.0734375
-1 0.053125 0.151562 0.065625 0.06875
-1 0.913281 0.0257812 0.0609375 0.0515625
-1 0.382812 0.267188 0.075 0.09375
-1 0.607031 0.332031 0.0453125 0.0609375
-1 0.441406 0.160938 0.0734375 0.090625
-1 0.9 0.239844 0.090625 0.0828125
-1 0.953906 0.325781 0.0921875 0.0578125
-1 0.663281 0.121094 0.0640625 0.0578125
-1 0.632031 0.0125 0.0578125 0.025
-1 0.602344 0.182031 0.0609375 0.0640625
