-1 0.446094 0.021875 0.0640625 0.04375
-1 0.936719 0.221875 0.0484375 0.05
-1 0.860938 0.258594 0.040625 0.0359375
-1 0.797656 0.336719 0.101562 0.0671875
-1 0.995313 0.471094 0.009375 0.0609375
-1 0.867188 0.309375 0.0625 0.05
-1 0.924219 0.625781 0.0453125 0.0515625
-1 0.795312 0.15625 0.078125 0.059375
-1 0.113281 0.0257812 0.0609375 0.0515625
-1 0.314844 0.365625 0.0828125 0.10625
-1 0.305469 0.328906 0.0796875 0.0953125
-1 0.1 0.239844 0.090625 0.0828125
-1 0.740625 0.201563 0.0625 0.05625
-1 0.546875 0.177344 0.075 0.0734375
-1 0.1625 0.325781 0.109375 0.0578125
-1 0.550781 0.196094 0.0828125 0.0421875
-1 0.366406 0.114062 0.0703125 0.059375
-1 0.424219 0.175 0.0609375 0.084375
-1 0.232813 0.321094 0.053125 0.0796875
-1 0.305469 0.0578125 0.0671875 0.065625
-1 0.382031 0.148438 0.0546875 0.053125
-1 0.335938 0.167187 0.078125 0.059375
-1 0.410938 0.0632812 0.05625 0.0484375
-1 0.26875 0.0109375 0.08125 0.021875
