-1 0.0242188 0.559375 0.0484375 0.0375
-1 0.25 0.710156 0.053125 0.0390625
-1 0.0929688 0.74375 0.0328125 0.034375
-1 0.446094 0.796875 0.0640625 0.04375
-1 0.936719 0.985938 0.0484375 0.028125
-1 0.795312 0.93125 0.078125 0.059375
-1 0.113281 0.799219 0.0609375 0.0546875
-1 0.1 0.986719 0.090625 0.0265625
-1 0.740625 0.974219 0.0625 0.0515625
-1 0.546875 0.952344 0.075 0.0734375
-1 0.550781 0.971094 0.0828125 0.0421875
-1 0.366406 0.889062 0.0703125 0.059375
-1 0.424219 0.95 0.0609375 0.084375
-1 0.305469 0.832812 0.0671875 0.065625
-1 0.382031 0.923438 0.0546875 0.053125
-1 0.335938 0.942187 0.078125 0.059375
-1 0.410938 0.838281 0.05625 0.0484375
-1 0.586719 0.736719 0.0484375 0.0453125
-1 0.263281 0.729688 0.0390625 0.04375
-1 0.26875 0.771094 0.08125 0.0515625
