-1 0.184375 0.578906 0.0375 0.0234375
-1 0.0101563 0.422656 0.0203125 0.0265625
-1 0.264844 0.114844 0.0453125 0.0453125
-1 0.0859375 0.525781 0.040625 0.0359375
-1 0.0359375 0.291406 0.04375 0.0484375
-1 0.271875 0.576562 0.04375 0.040625
-1 0.0414062 0.445312 0.0328125 0.034375
-1 0.159375 0.5625 0.040625 0.01875
-1 0.0414062 0.397656 0.0421875 0.0453125
-1 0.357812 0.363281 0.05625 0.0328125
-1 0.59375 0.34375 0.0375 0.034375
-1 0.435156 0.290625 0.0515625 0.040625
-1 0.742969 0.838281 0.0453125 0.0234375
-1 0.460938 0.614844 0.04375 0.0484375
-1 0.814844 0.907813 0.0359375 0.028125
-1 0.745313 0.428906 0.05 0.0328125
-1 0.932031 0.358594 0.0484375 0.0296875
-1 0.975 0.632031 0.05 0.0234375
