-1 0.0648438 0.114844 0.0453125 0.0453125
-1 0.071875 0.576562 0.04375 0.040625
-1 0.157812 0.363281 0.05625 0.0328125
-1 0.39375 0.34375 0.0375 0.034375
-1 0.235156 0.290625 0.0515625 0.040625
-1 0.542969 0.838281 0.0453125 0.0234375
-1 0.260937 0.614844 0.04375 0.0484375
-1 0.614844 0.907813 0.0359375 0.028125
-1 0.545312 0.428906 0.05 0.0328125
-1 0.732031 0.358594 0.0484375 0.0296875
-1 0.776563 0.632031 0.053125 0.0234375
-1 0.917969 0.532813 0.0453125 0.025
-1 0.9875 0.464844 0.021875 0.0296875
