-1 0.15 0.311719 0.021875 0.0296875
-1 0.430469 0.435937 0.0328125 0.025
-1 0.599219 0.397656 0.0390625 0.0296875
-1 0.423438 0.0484375 0.040625 0.034375
-1 0.474219 0.298438 0.0390625 0.040625
-1 0.274219 0.463281 0.0296875 0.0296875
-1 0.708594 0.339062 0.0421875 0.034375
-1 0.755469 0.448437 0.0421875 0.028125
-1 0.7625 0.234375 0.0375 0.028125
-1 0.982812 0.578906 0.034375 0.0234375
-1 0.80625 0.422656 0.028125 0.0265625
-1 0.885938 0.525781 0.040625 0.0359375
-1 0.835938 0.291406 0.04375 0.0484375
-1 0.841406 0.445312 0.0328125 0.034375
-1 0.959375 0.5625 0.040625 0.01875
-1 0.841406 0.397656 0.0421875 0.0453125
