-1 0.0554687 0.478906 0.0296875 0.0296875
-1 0.207031 0.394531 0.0328125 0.0359375
-1 0.249219 0.503906 0.0390625 0.0328125
-1 0.260156 0.304688 0.0453125 0.03125
-1 0.455469 0.614062 0.0328125 0.025
-1 0.333594 0.482031 0.0421875 0.0296875
-1 0.564063 0.24375 0.04375 0.040625
-1 0.432812 0.596875 0.034375 0.03125
-1 0.3 0.421094 0.053125 0.0453125
-1 0.592187 0.582031 0.046875 0.0265625
-1 0.4 0.508594 0.05 0.0265625
-1 0.542188 0.647656 0.053125 0.0390625
-1 0.321094 0.575 0.0390625 0.040625
-1 0.738281 0.409375 0.0546875 0.046875
-1 0.9125 0.3625 0.0375 0.0375
-1 0.827344 0.335938 0.0515625 0.040625
-1 0.98125 0.839844 0.0375 0.0234375
-1 0.855469 0.708594 0.0484375 0.0390625
