-1 0.549219 0.375 0.0140625 0.0125
-1 0.997656 0.517969 0.0046875 0.0140625
-1 0.745313 0.538281 0.0125 0.0140625
-1 0.684375 0.514844 0.0125 0.0140625
-1 0.661719 0.516406 0.0140625 0.0140625
-1 0.280469 0.520312 0.0140625 0.0125
-1 0.0679687 0.284375 0.0140625 0.0125
-1 0.00078125 0.53125 0.0015625 0.0125
-1 0.0226562 0.526563 0.0140625 0.0125
-1 0.046875 0.523438 0.0125 0.0125
-1 0.136719 0.526563 0.0140625 0.0125
-1 0.114062 0.5125 0.0125 0.0125
-1 0.153125 0.504687 0.0125 0.0125
-1 0.217969 0.499219 0.0140625 0.0140625
