-1 0.003125 0.530469 0.00625 0.0265625
-1 0.157812 0.428125 0.03125 0.05625
-1 0.205469 0.571875 0.0421875 0.034375
-1 0.225 0.34375 0.0375 0.028125
-1 0.391406 0.65 0.0328125 0.025
-1 0.309375 0.533594 0.03125 0.0296875
-1 0.517188 0.353125 0.040625 0.034375
-1 0.420312 0.667188 0.034375 0.03125
-1 0.255469 0.542969 0.0359375 0.0359375
-1 0.58125 0.597656 0.040625 0.0203125
-1 0.432031 0.560937 0.0515625 0.05
-1 0.56875 0.697656 0.053125 0.0390625
-1 0.289062 0.707812 0.040625 0.0375
-1 0.776563 0.472656 0.05625 0.0328125
-1 0.891406 0.398438 0.0390625 0.021875
-1 0.860156 0.364063 0.0515625 0.040625
-1 0.913281 0.847656 0.0453125 0.0234375
-1 0.876563 0.779687 0.05 0.028125
-1 0.985938 0.861719 0.025 0.0296875
