-1 0.1875 0.530469 0.0375 0.0265625
-1 0.0101563 0.111719 0.0203125 0.0421875
-1 0.103906 0.439063 0.0421875 0.03125
-1 0.357812 0.428125 0.03125 0.05625
-1 0.405469 0.571875 0.0421875 0.034375
-1 0.425 0.34375 0.0375 0.028125
-1 0.591406 0.65 0.0328125 0.025
-1 0.509375 0.533594 0.03125 0.0296875
-1 0.717187 0.353125 0.040625 0.034375
-1 0.620313 0.667188 0.034375 0.03125
-1 0.455469 0.542969 0.0359375 0.0359375
-1 0.78125 0.597656 0.040625 0.0203125
-1 0.632031 0.560937 0.0515625 0.05
-1 0.76875 0.697656 0.053125 0.0390625
-1 0.489063 0.707812 0.040625 0.0375
-1 0.974219 0.472656 0.0515625 0.0328125
