-1 0.378125 0.272656 0.021875 0.0296875
-1 0.702344 0.492969 0.0234375 0.0203125
-1 0.0890625 0.525781 0.021875 0.0203125
-1 0.346875 0.342187 0.03125 0.03125
-1 0.294531 0.4625 0.0328125 0.028125
-1 0.671094 0.219531 0.0359375 0.0203125
-1 0.33125 0.303906 0.028125 0.0234375
-1 0.336719 0.255469 0.0203125 0.0203125
-1 0.2125 0.357031 0.021875 0.0296875
-1 0.54375 0.14375 0.0375 0.034375
-1 0.740625 0.396875 0.025 0.021875
-1 0.0960938 0.773438 0.0265625 0.025
-1 0.185156 0.797656 0.0265625 0.0234375
-1 0.476562 0.059375 0.03125 0.034375
-1 0.071875 0.0179687 0.0375 0.0296875
-1 0.49375 0.354687 0.025 0.025
-1 0.682813 0.0210938 0.034375 0.0296875
-1 0.471094 0.422656 0.0328125 0.0265625
