-1 0.376563 0.275781 0.021875 0.0296875
-1 0.723437 0.4875 0.025 0.028125
-1 0.148438 0.521094 0.021875 0.0203125
-1 0.348438 0.346875 0.03125 0.03125
-1 0.327344 0.449219 0.0265625 0.0296875
-1 0.719531 0.203906 0.0359375 0.0203125
-1 0.342187 0.295312 0.040625 0.025
-1 0.346094 0.246094 0.0234375 0.0390625
-1 0.222656 0.353906 0.0234375 0.0265625
-1 0.620313 0.164062 0.0375 0.034375
-1 0.757812 0.38125 0.034375 0.025
-1 0.179688 0.760938 0.028125 0.028125
-1 0.266406 0.780469 0.0265625 0.0234375
-1 0.538281 0.084375 0.0296875 0.028125
-1 0.153125 0.0382813 0.0375 0.0265625
-1 0.534375 0.332031 0.034375 0.0234375
-1 0.728906 0.0445313 0.0359375 0.0328125
-1 0.542969 0.394531 0.0328125 0.0265625
