-1 0.609375 0.657813 0.04375 0.04375
-1 0.882031 0.766406 0.0453125 0.0515625
-1 0.305469 0.534375 0.0359375 0.034375
-1 0.0125 0.939063 0.025 0.075
-1 0.292969 0.829688 0.0484375 0.053125
-1 0.461719 0.961719 0.0953125 0.0765625
-1 0.309375 0.958594 0.0875 0.0828125
-1 0.0554687 0.832031 0.0453125 0.0515625
-1 0.208594 0.985938 0.0546875 0.028125
-1 0.132031 0.948438 0.0796875 0.08125
-1 0.715625 0.94375 0.071875 0.09375
-1 0.810937 0.61875 0.059375 0.053125
-1 0.330469 0.525781 0.0328125 0.0328125
-1 0.939844 0.707031 0.0734375 0.0609375
-1 0.870313 0.689063 0.078125 0.075
-1 0.990625 0.9625 0.01875 0.053125
-1 0.871094 0.871875 0.0609375 0.040625
-1 0.546875 0.739062 0.0625 0.0625
-1 0.710156 0.772656 0.0640625 0.0703125
-1 0.898438 0.717187 0.065625 0.059375
-1 0.823438 0.888281 0.084375 0.0515625
-1 0.653906 0.590625 0.0734375 0.04375
-1 0.359375 0.680469 0.046875 0.0484375
-1 0.99375 0.771094 0.0125 0.0609375
