-1 0.454688 0.371875 0.046875 0.05
-1 0.009375 0.614844 0.01875 0.0890625
-1 0.138281 0.155469 0.0734375 0.0390625
-1 0.053125 0.35625 0.065625 0.053125
-1 0.292187 0.311719 0.090625 0.0984375
-1 0.838281 0.48125 0.0765625 0.059375
-1 0.146094 0.307812 0.0515625 0.071875
-1 0.0046875 0.138281 0.009375 0.0546875
-1 0.0109375 0.078125 0.021875 0.03125
-1 0.03125 0.0382813 0.0625 0.0328125
-1 0.142187 0.0273438 0.040625 0.0421875
-1 0.346875 0.390625 0.06875 0.059375
-1 0.270313 0.225781 0.04375 0.0421875
-1 0.385156 0.0796875 0.0484375 0.05625
-1 0.196875 0.142969 0.046875 0.0390625
-1 0.504687 0.0703125 0.04375 0.0375
-1 0.3625 0.0375 0.08125 0.040625
-1 0.0703125 0.11875 0.040625 0.06875
-1 0.721094 0.120313 0.0578125 0.059375
-1 0.460938 0.108594 0.04375 0.0484375
-1 0.25625 0.00703125 0.0375 0.0140625
-1 0.224219 0.0984375 0.0609375 0.053125
-1 0.264844 0.0914062 0.0609375 0.0609375
-1 0.270313 0.161719 0.05 0.0671875
-1 0.342969 0.248438 0.0515625 0.059375
-1 0.785937 0.164062 0.078125 0.075
-1 0.592187 0.332813 0.1125 0.053125
-1 0.505469 0.208594 0.0578125 0.0546875
-1 0.299219 0.117969 0.0828125 0.0359375
-1 0.546875 0.239063 0.053125 0.053125
-1 0.325781 0.078125 0.0515625 0.053125
-1 0.749219 0.163281 0.0671875 0.0734375
-1 0.855469 0.0570312 0.0453125 0.0515625
-1 0.990625 0.228125 0.01875 0.0625
-1 0.932031 0.173437 0.0796875 0.08125
