-1 0.882031 0.00859375 0.0453125 0.0171875
-1 0.0382813 0.48125 0.0765625 0.059375
-1 0.0125 0.164062 0.025 0.075
-1 0.292969 0.0546875 0.0484375 0.053125
-1 0.461719 0.195312 0.0953125 0.09375
-1 0.309375 0.189062 0.0875 0.09375
-1 0.0554687 0.0570312 0.0453125 0.0515625
-1 0.208594 0.228125 0.0546875 0.0625
-1 0.132031 0.173437 0.0796875 0.08125
-1 0.5 0.379688 0.078125 0.09375
-1 0.5375 0.566406 0.084375 0.0765625
-1 0.821094 0.557031 0.0859375 0.114062
-1 0.715625 0.16875 0.071875 0.09375
-1 0.990625 0.1875 0.01875 0.053125
-1 0.871094 0.096875 0.0609375 0.040625
-1 0.710156 0.0164063 0.0640625 0.0328125
-1 0.823438 0.113281 0.084375 0.0515625
