-1 0.486719 0.554688 0.0546875 0.04375
-1 0.592969 0.695312 0.0328125 0.04375
-1 0.557813 0.8125 0.0375 0.04375
-1 0.0820312 0.766406 0.0453125 0.0515625
-1 0.664844 0.882031 0.0796875 0.0578125
-1 0.0203125 0.61875 0.040625 0.053125
-1 0.139844 0.707031 0.0734375 0.0609375
-1 0.9625 0.903125 0.075 0.053125
-1 0.0703125 0.689063 0.078125 0.075
-1 0.224219 0.9625 0.0859375 0.053125
-1 0.0710937 0.871875 0.0609375 0.040625
-1 0.0984375 0.717187 0.065625 0.059375
-1 0.0328125 0.888281 0.065625 0.0515625
-1 0.896875 0.903906 0.0625 0.0609375
-1 0.9625 0.990625 0.075 0.01875
-1 0.517969 0.854688 0.0421875 0.04375
-1 0.847656 0.779687 0.0640625 0.065625
-1 0.807813 0.796094 0.059375 0.0515625
-1 0.549219 0.723437 0.0578125 0.059375
-1 0.26875 0.917188 0.04375 0.04375
-1 0.314844 0.848437 0.0765625 0.05625
-1 0.217188 0.771094 0.059375 0.0609375
-1 0.296094 0.764844 0.0765625 0.0546875
