-1 0.557813 0.0375 0.0375 0.04375
-1 0.399219 0.3125 0.0578125 0.053125
-1 0.0820312 0.00859375 0.0453125 0.0171875
-1 0.664844 0.107031 0.0796875 0.0578125
-1 0.0320312 0.557031 0.0640625 0.114062
-1 0.839844 0.527344 0.0890625 0.0953125
-1 0.745313 0.485938 0.10625 0.09375
-1 0.865625 0.375781 0.103125 0.0859375
-1 0.646094 0.426563 0.0734375 0.08125
-1 0.9625 0.128125 0.075 0.053125
-1 0.224219 0.1875 0.0859375 0.053125
-1 0.0710937 0.096875 0.0609375 0.040625
-1 0.307812 0.3 0.090625 0.06875
-1 0.5625 0.483594 0.0875 0.0796875
-1 0.0328125 0.113281 0.065625 0.0515625
-1 0.896875 0.128906 0.0625 0.0609375
-1 0.9625 0.234375 0.075 0.05625
-1 0.517969 0.410156 0.0671875 0.0453125
-1 0.425 0.26875 0.08125 0.08125
-1 0.517969 0.0796875 0.0421875 0.04375
-1 0.847656 0.01875 0.0640625 0.0375
-1 0.807813 0.0234375 0.059375 0.046875
-1 0.26875 0.142187 0.04375 0.04375
-1 0.314844 0.0734375 0.0765625 0.05625
-1 0.217188 0.0132812 0.059375 0.0265625
-1 0.296094 0.00859375 0.0765625 0.0171875
