-1 0.99375 0.570312 0.0125 0.025
-1 0.149219 0.886719 0.0453125 0.0609375
-1 0.532031 0.854688 0.0359375 0.05
-1 0.938281 0.930469 0.0734375 0.0390625
-1 0.0984375 0.936719 0.046875 0.0546875
-1 0.378125 0.910156 0.05 0.0609375
-1 0.507031 0.659375 0.0390625 0.034375
-1 0.642188 0.749219 0.040625 0.0421875
-1 0.775 0.913281 0.06875 0.0546875
-1 0.797656 0.853125 0.0484375 0.03125
-1 0.815625 0.813281 0.09375 0.0328125
-1 0.867188 0.752344 0.040625 0.0453125
-1 0.942187 0.802344 0.040625 0.0421875
-1 0.986719 0.917969 0.0265625 0.0390625
-1 0.870313 0.89375 0.040625 0.06875
-1 0.942187 0.739844 0.04375 0.0390625
-1 0.996875 0.873437 0.00625 0.053125
