-1 0.0554687 0.602344 0.0890625 0.114062
-1 0.30625 0.598437 0.078125 0.075
-1 0.149219 0.111719 0.0453125 0.0609375
-1 0.532031 0.0796875 0.0359375 0.05
-1 0.795312 0.614844 0.046875 0.0890625
-1 0.938281 0.155469 0.0734375 0.0390625
-1 0.0984375 0.161719 0.046875 0.0546875
-1 0.378125 0.135156 0.05 0.0609375
-1 0.853125 0.35625 0.065625 0.053125
-1 0.946094 0.307812 0.0515625 0.071875
-1 0.775 0.138281 0.06875 0.0546875
-1 0.797656 0.078125 0.0484375 0.03125
-1 0.815625 0.0382813 0.09375 0.0328125
-1 0.942187 0.0273438 0.040625 0.0421875
-1 0.986719 0.142969 0.0265625 0.0390625
-1 0.870313 0.11875 0.040625 0.06875
-1 0.996875 0.0984375 0.00625 0.053125
