-1 0.2625 0.1 0.046875 0.034375
-1 0.916406 0.242188 0.0609375 0.046875
-1 0.871875 0.4125 0.140625 0.096875
-1 0.875 0.421875 0.0625 0.05
-1 0.976562 0.209375 0.046875 0.075
-1 0.0421875 0.527344 0.084375 0.0953125
-1 0.065625 0.375781 0.103125 0.0859375
-1 0.789062 0.274219 0.084375 0.0578125
-1 0.4875 0.271875 0.08125 0.075
-1 0.528906 0.2875 0.0859375 0.059375
-1 0.164844 0.128125 0.0796875 0.053125
-1 0.266406 0.21875 0.0984375 0.059375
-1 0.096875 0.128906 0.0625 0.0609375
-1 0.247656 0.207031 0.0671875 0.0578125
-1 0.165625 0.234375 0.08125 0.05625
-1 0.0476562 0.01875 0.0640625 0.0375
-1 0.01875 0.0234375 0.0375 0.046875
