-1 0.198437 0.570312 0.021875 0.025
-1 0.700781 0.510938 0.0328125 0.040625
-1 0.7375 0.75625 0.0375 0.03125
-1 0.138281 0.930469 0.0734375 0.0390625
-1 0.0046875 0.913281 0.009375 0.0546875
-1 0.0109375 0.853125 0.021875 0.03125
-1 0.03125 0.813281 0.0625 0.0328125
-1 0.0671875 0.752344 0.040625 0.0453125
-1 0.142187 0.802344 0.040625 0.0421875
-1 0.270313 0.989844 0.04375 0.0203125
-1 0.385156 0.854688 0.0484375 0.05625
-1 0.196875 0.917969 0.046875 0.0390625
-1 0.504687 0.845313 0.04375 0.0375
-1 0.3625 0.8125 0.08125 0.040625
-1 0.0703125 0.89375 0.040625 0.06875
-1 0.721094 0.895312 0.0578125 0.059375
-1 0.460938 0.883594 0.04375 0.0484375
-1 0.142187 0.739844 0.04375 0.0390625
-1 0.386719 0.658594 0.0421875 0.0453125
-1 0.25625 0.765625 0.0375 0.046875
-1 0.224219 0.873437 0.0609375 0.053125
-1 0.264844 0.866406 0.0609375 0.0609375
-1 0.270313 0.936719 0.05 0.0671875
-1 0.342969 0.996875 0.0515625 0.00625
-1 0.785937 0.939063 0.078125 0.075
-1 0.505469 0.978125 0.0578125 0.04375
-1 0.299219 0.892969 0.0828125 0.0359375
-1 0.349219 0.707812 0.0578125 0.05
-1 0.546875 0.99375 0.053125 0.0125
-1 0.325781 0.853125 0.0515625 0.053125
-1 0.749219 0.938281 0.0671875 0.0734375
-1 0.855469 0.832031 0.0453125 0.0515625
-1 0.583594 0.740625 0.0484375 0.04375
-1 0.990625 0.985938 0.01875 0.028125
-1 0.932031 0.948438 0.0796875 0.08125
