-1 0.99375 0.535937 0.0125 0.0125
-1 0.269531 0.420312 0.0140625 0.0125
-1 0.544531 0.36875 0.0140625 0.0125
-1 0.642969 0.342187 0.0140625 0.0125
-1 0.794531 0.307812 0.0140625 0.0125
-1 0.442969 0.588281 0.0140625 0.0140625
-1 0.689844 0.554688 0.0140625 0.0125
-1 0.727344 0.548438 0.0140625 0.0125
-1 0.753125 0.541406 0.015625 0.0140625
-1 0.776563 0.539062 0.0125 0.0125
-1 0.860156 0.54375 0.0140625 0.0125
-1 0.8375 0.529687 0.0125 0.0125
-1 0.875 0.520312 0.0125 0.0125
-1 0.939844 0.513281 0.0140625 0.0140625
