-1 0.996875 0.534375 0.00625 0.0125
-1 0.272656 0.41875 0.0140625 0.0125
-1 0.549219 0.367188 0.0140625 0.0125
-1 0.647656 0.339062 0.0140625 0.0125
-1 0.799219 0.304688 0.0140625 0.0125
-1 0.446094 0.588281 0.0140625 0.0140625
-1 0.692969 0.553125 0.0140625 0.0125
-1 0.732031 0.546875 0.0140625 0.0125
-1 0.757812 0.541406 0.015625 0.0140625
-1 0.78125 0.5375 0.0125 0.0125
-1 0.864844 0.542188 0.0140625 0.0125
-1 0.84375 0.526563 0.0125 0.0125
-1 0.879687 0.520312 0.0125 0.0125
-1 0.944531 0.511719 0.0140625 0.0140625
