-1 0.375 0.277344 0.021875 0.0296875
-1 0.725 0.489063 0.025 0.03125
-1 0.178125 0.508594 0.021875 0.0203125
-1 0.35 0.346875 0.03125 0.03125
-1 0.342969 0.435156 0.0265625 0.0296875
-1 0.745313 0.201563 0.0375 0.034375
-1 0.350781 0.288281 0.0265625 0.0265625
-1 0.347656 0.249219 0.0234375 0.0390625
-1 0.223438 0.354687 0.025 0.021875
-1 0.657813 0.1625 0.0375 0.034375
-1 0.767969 0.372656 0.0296875 0.0234375
-1 0.220312 0.75625 0.028125 0.028125
-1 0.303906 0.772656 0.0265625 0.0234375
-1 0.573438 0.09375 0.03125 0.028125
-1 0.198437 0.0492187 0.0375 0.0265625
-1 0.552344 0.320312 0.0296875 0.025
-1 0.752344 0.0570312 0.0359375 0.0328125
-1 0.580469 0.389844 0.0296875 0.0234375
