-1 0.982031 0.539062 0.0140625 0.0125
-1 0.260156 0.425 0.0140625 0.0125
-1 0.536719 0.373437 0.0140625 0.0125
-1 0.639844 0.345313 0.0140625 0.0125
-1 0.785156 0.3125 0.0140625 0.0125
-1 0.432812 0.589844 0.0125 0.0140625
-1 0.680469 0.55625 0.0140625 0.0125
-1 0.716406 0.548438 0.0140625 0.0125
-1 0.742188 0.544531 0.015625 0.0140625
-1 0.765625 0.540625 0.0125 0.0125
-1 0.849219 0.545312 0.0140625 0.0125
-1 0.826562 0.53125 0.0125 0.0125
-1 0.864062 0.521875 0.0125 0.0125
-1 0.928906 0.514844 0.0140625 0.0140625
