-1 0.980469 0.539062 0.0140625 0.0125
-1 0.258594 0.425 0.0140625 0.0125
-1 0.535156 0.373437 0.0140625 0.0125
-1 0.636719 0.345313 0.0140625 0.0125
-1 0.783594 0.3125 0.0140625 0.0125
-1 0.43125 0.591406 0.0125 0.0140625
-1 0.678906 0.55625 0.0140625 0.0125
-1 0.714844 0.55 0.0140625 0.0125
-1 0.742188 0.544531 0.015625 0.0140625
-1 0.764062 0.542188 0.0125 0.0125
-1 0.847656 0.545312 0.0140625 0.0125
-1 0.825 0.53125 0.0125 0.0125
-1 0.8625 0.523438 0.0125 0.0125
-1 0.925781 0.516406 0.0140625 0.0140625
