-1 0.157812 0.442188 0.0375 0.034375
-1 0.289844 0.336719 0.0390625 0.0296875
-1 0.140625 0.239844 0.03125 0.0265625
-1 0.292187 0.302344 0.040625 0.0234375
-1 0.375 0.421094 0.040625 0.0359375
-1 0.371094 0.183594 0.0359375 0.0265625
-1 0.6375 0.553125 0.034375 0.03125
-1 0.4 0.360156 0.034375 0.0296875
-1 0.675781 0.0289063 0.0484375 0.0328125
-1 0.475 0.450781 0.03125 0.0265625
-1 0.509375 0.203125 0.0375 0.034375
-1 0.675 0.589844 0.040625 0.0328125
-1 0.430469 0.360938 0.0359375 0.03125
-1 0.51875 0.476562 0.0375 0.0375
-1 0.496094 0.252344 0.0359375 0.0484375
-1 0.691406 0.317969 0.0421875 0.0296875
-1 0.990625 0.3375 0.01875 0.025
-1 0.776563 0.236719 0.05 0.0265625
-1 0.792188 0.526563 0.040625 0.04375
