-1 0.390625 0.288281 0.021875 0.0296875
-1 0.730469 0.53125 0.0171875 0.015625
-1 0.310937 0.477344 0.021875 0.0171875
-1 0.365625 0.35625 0.03125 0.03125
-1 0.430469 0.403906 0.0265625 0.0296875
-1 0.889844 0.188281 0.0359375 0.0296875
-1 0.405469 0.255469 0.0265625 0.0265625
-1 0.43125 0.240625 0.025 0.028125
-1 0.26875 0.35 0.025 0.021875
-1 0.847656 0.142969 0.0390625 0.0296875
-1 0.83125 0.348438 0.025 0.021875
-1 0.464062 0.750781 0.03125 0.0265625
-1 0.3125 0.00859375 0.028125 0.0171875
-1 0.505469 0.771094 0.0265625 0.0234375
-1 0.764844 0.147656 0.0328125 0.0296875
-1 0.44375 0.0976562 0.0375 0.0265625
-1 0.664062 0.303125 0.025 0.025
-1 0.892969 0.127344 0.0359375 0.0296875
-1 0.782813 0.342187 0.03125 0.03125
