-1 0.998437 0.534375 0.003125 0.0125
-1 0.272656 0.417187 0.0140625 0.0125
-1 0.550781 0.365625 0.0140625 0.0125
-1 0.649219 0.339062 0.0140625 0.0125
-1 0.802344 0.304688 0.0140625 0.0125
-1 0.447656 0.588281 0.0140625 0.0140625
-1 0.694531 0.553125 0.0140625 0.0125
-1 0.733594 0.545312 0.0140625 0.0125
-1 0.759375 0.539844 0.015625 0.0140625
-1 0.782813 0.5375 0.0125 0.0125
-1 0.866406 0.542188 0.0140625 0.0125
-1 0.845313 0.526563 0.0125 0.0125
-1 0.88125 0.51875 0.0125 0.0125
-1 0.946094 0.511719 0.0140625 0.0140625
