-1 0.46875 0.210156 0.059375 0.0390625
-1 0.150781 0.353906 0.0484375 0.0578125
-1 0.175 0.120313 0.040625 0.05
-1 0.317969 0.170313 0.0515625 0.04375
-1 0.721875 0.273438 0.05625 0.04375
-1 0.225 0.14375 0.04375 0.04375
-1 0.403906 0.2 0.0515625 0.0375
-1 0.320312 0.111719 0.03125 0.0265625
-1 0.408594 0.108594 0.0453125 0.0359375
-1 0.210938 0.0617188 0.046875 0.0390625
-1 0.517188 0.0078125 0.0375 0.015625
-1 0.103125 0.03125 0.059375 0.03125
-1 0.536719 0.0453125 0.0578125 0.059375
-1 0.442969 0.0351562 0.0515625 0.0484375
-1 0.1 0.00703125 0.04375 0.0140625
-1 0.302344 0.034375 0.0421875 0.040625
-1 0.319531 0.0734375 0.0546875 0.04375
-1 0.465625 0.164844 0.05625 0.0546875
-1 0.542969 0.090625 0.0453125 0.05
-1 0.742188 0.0195312 0.046875 0.0390625
-1 0.929688 0.147656 0.0625 0.0734375
-1 0.85625 0.148438 0.065625 0.06875
