-1 0.382031 0.028125 0.0421875 0.0375
-1 0.967969 0.260156 0.0640625 0.0609375
-1 0.845313 0.192969 0.059375 0.0515625
-1 0.7625 0.246094 0.040625 0.0359375
-1 0.696875 0.328906 0.075 0.0546875
-1 0.925781 0.454688 0.0453125 0.046875
-1 0.923438 0.272656 0.06875 0.0578125
-1 0.779687 0.310937 0.053125 0.040625
-1 0.984375 0.525 0.03125 0.046875
-1 0.848437 0.608594 0.046875 0.0421875
-1 0.707812 0.146094 0.05625 0.0484375
-1 0.0632812 0.0210938 0.0671875 0.0421875
-1 0.267969 0.369531 0.129688 0.0578125
-1 0.280469 0.302344 0.0796875 0.0953125
-1 0.0304687 0.235937 0.0609375 0.06875
-1 0.641406 0.182031 0.0921875 0.0734375
-1 0.471094 0.163281 0.0890625 0.0671875
-1 0.110156 0.308594 0.0859375 0.0578125
-1 0.474219 0.188281 0.0734375 0.0421875
-1 0.310156 0.104688 0.0703125 0.05625
-1 0.366406 0.165625 0.0765625 0.065625
-1 0.235156 0.0507812 0.0640625 0.0640625
-1 0.316406 0.14375 0.0546875 0.053125
-1 0.271875 0.167187 0.09375 0.059375
-1 0.395313 0.0507812 0.05625 0.0484375
-1 0.232031 0.0125 0.0578125 0.025
