-1 0.267969 0.542969 0.0234375 0.0203125
-1 0.46875 0.982812 0.059375 0.034375
-1 0.614844 0.517188 0.0328125 0.040625
-1 0.650781 0.708594 0.0265625 0.0390625
-1 0.175 0.895312 0.040625 0.05
-1 0.317969 0.945312 0.0515625 0.04375
-1 0.225 0.91875 0.04375 0.04375
-1 0.403906 0.975 0.0515625 0.0375
-1 0.320312 0.886719 0.03125 0.0265625
-1 0.408594 0.883594 0.0453125 0.0359375
-1 0.210938 0.836719 0.046875 0.0390625
-1 0.517188 0.764062 0.0375 0.053125
-1 0.316406 0.753906 0.0359375 0.0515625
-1 0.103125 0.80625 0.059375 0.03125
-1 0.536719 0.820312 0.0578125 0.059375
-1 0.442969 0.810156 0.0515625 0.0484375
-1 0.1 0.766406 0.04375 0.0453125
-1 0.302344 0.809375 0.0421875 0.040625
-1 0.319531 0.848437 0.0546875 0.04375
-1 0.465625 0.939844 0.05625 0.0546875
-1 0.542969 0.865625 0.0453125 0.05
-1 0.742188 0.7875 0.046875 0.053125
-1 0.929688 0.922656 0.0625 0.0734375
-1 0.85625 0.923438 0.065625 0.06875
