-1 0.18125 0.685937 0.05 0.040625
-1 0.0460938 0.735938 0.0328125 0.034375
-1 0.382031 0.803125 0.0421875 0.0375
-1 0.845313 0.967969 0.059375 0.0515625
-1 0.707812 0.921094 0.05625 0.0484375
-1 0.0632812 0.789844 0.0671875 0.0546875
-1 0.0304687 0.988281 0.0609375 0.0234375
-1 0.641406 0.957031 0.0921875 0.0734375
-1 0.471094 0.938281 0.0890625 0.0671875
-1 0.474219 0.963281 0.0734375 0.0421875
-1 0.310156 0.879687 0.0703125 0.05625
-1 0.366406 0.940625 0.0765625 0.065625
-1 0.235156 0.825781 0.0640625 0.0640625
-1 0.316406 0.91875 0.0546875 0.053125
-1 0.271875 0.942187 0.09375 0.059375
-1 0.395313 0.825781 0.05625 0.0484375
-1 0.240625 0.733594 0.040625 0.0390625
-1 0.232031 0.776563 0.0578125 0.046875
