-1 0.941406 0.235937 0.0796875 0.040625
-1 0.894531 0.321875 0.0515625 0.053125
-1 0.6625 0.507812 0.05625 0.0625
-1 0.789844 0.430469 0.0515625 0.0703125
-1 0.40625 0.3625 0.05625 0.046875
-1 0.817969 0.638281 0.110937 0.0703125
-1 0.295312 0.525781 0.134375 0.0546875
-1 0.175 0.260156 0.078125 0.0609375
-1 0.0453125 0.192969 0.059375 0.0515625
-1 0.125781 0.454688 0.0453125 0.046875
-1 0.123438 0.272656 0.06875 0.0578125
-1 0.276562 0.353906 0.109375 0.0515625
-1 0.003125 0.310937 0.00625 0.040625
-1 0.205469 0.525 0.0734375 0.046875
-1 0.0484375 0.608594 0.046875 0.0421875
