-1 0.636719 0.191406 0.0609375 0.0578125
-1 0.482812 0.0078125 0.03125 0.015625
-1 0.273438 0.0820312 0.065625 0.0640625
-1 0.291406 0.0835937 0.0640625 0.0515625
-1 0.129688 0.147656 0.0625 0.0734375
-1 0.05625 0.148438 0.065625 0.06875
-1 0.863281 0.0210938 0.0671875 0.0421875
-1 0.364063 0.246094 0.075 0.0765625
-1 0.58125 0.296875 0.046875 0.065625
-1 0.40625 0.141406 0.059375 0.0890625
-1 0.827344 0.235937 0.0671875 0.06875
-1 0.910156 0.308594 0.0859375 0.0578125
-1 0.638281 0.107813 0.0640625 0.0625
-1 0.589844 0.003125 0.0546875 0.00625
-1 0.557031 0.169531 0.0609375 0.0640625
