-1 0.451562 0.670312 0.0375 0.034375
-1 0.776563 0.574219 0.03125 0.0390625
-1 0.978125 0.685937 0.04375 0.040625
-1 0.846094 0.735938 0.0328125 0.034375
-1 0.636719 0.966406 0.0609375 0.0578125
-1 0.482812 0.775781 0.03125 0.0296875
-1 0.273438 0.857031 0.065625 0.0640625
-1 0.291406 0.858594 0.0640625 0.0515625
-1 0.129688 0.922656 0.0625 0.0734375
-1 0.05625 0.923438 0.065625 0.06875
-1 0.863281 0.789844 0.0671875 0.0546875
-1 0.364063 0.991406 0.075 0.0171875
-1 0.40625 0.916406 0.059375 0.0890625
-1 0.486719 0.598437 0.0453125 0.025
-1 0.827344 0.988281 0.0671875 0.0234375
-1 0.686719 0.735156 0.0734375 0.0609375
-1 0.56875 0.6625 0.059375 0.05
-1 0.638281 0.882812 0.0640625 0.0625
-1 0.589844 0.760156 0.0546875 0.0421875
-1 0.557031 0.944531 0.0609375 0.0640625
-1 0.5125 0.707031 0.05 0.0546875
