-1 0.0898438 0.342187 0.0265625 0.021875
-1 0.0117188 0.282813 0.0234375 0.025
-1 0.113281 0.419531 0.0421875 0.0328125
-1 0.096875 0.177344 0.034375 0.0296875
-1 0.3875 0.5375 0.04375 0.0375
-1 0.0765625 0.301563 0.034375 0.021875
-1 0.414062 0.00859375 0.03125 0.0171875
-1 0.225 0.411719 0.0375 0.0234375
-1 0.321875 0.139063 0.0375 0.034375
-1 0.417187 0.591406 0.034375 0.0265625
-1 0.165625 0.320312 0.034375 0.025
-1 0.208594 0.421094 0.0359375 0.0265625
-1 0.292187 0.189844 0.0375 0.0359375
-1 0.386719 0.292969 0.0421875 0.0296875
-1 0.733594 0.340625 0.0359375 0.025
-1 0.467969 0.197656 0.0484375 0.0359375
-1 0.878906 0.826562 0.0296875 0.028125
-1 0.472656 0.485156 0.0390625 0.0359375
-1 0.924219 0.889062 0.0359375 0.025
-1 0.832812 0.325 0.034375 0.025
-1 0.907031 0.276562 0.0421875 0.028125
-1 0.933594 0.527344 0.0390625 0.0265625
