-1 0.429688 0.307031 0.021875 0.0296875
-1 0.716406 0.678125 0.0359375 0.01875
-1 0.482812 0.421875 0.01875 0.01875
-1 0.0101563 0.0914062 0.0203125 0.0296875
-1 0.219531 0.102344 0.0296875 0.0265625
-1 0.470313 0.39375 0.03125 0.03125
-1 0.285156 0.111719 0.0390625 0.0265625
-1 0.692187 0.382031 0.028125 0.0234375
-1 0.167187 0.0640625 0.03125 0.028125
-1 0.402344 0.178906 0.0359375 0.0296875
-1 0.992188 0.065625 0.015625 0.025
-1 0.672656 0.403906 0.0296875 0.0296875
-1 0.520312 0.253125 0.025 0.021875
-1 0.548438 0.325781 0.025 0.0265625
-1 0.515625 0.184375 0.0375 0.034375
-1 0.646875 0.0164063 0.04375 0.0203125
-1 0.672656 0.221094 0.0328125 0.0328125
