-1 0.423438 0.303906 0.021875 0.0296875
-1 0.730469 0.678125 0.0328125 0.03125
-1 0.445312 0.439844 0.03125 0.0203125
-1 0.160156 0.0773438 0.0265625 0.0203125
-1 0.434375 0.382812 0.03125 0.03125
-1 0.200781 0.0945312 0.0390625 0.0234375
-1 0.659375 0.366406 0.028125 0.0234375
-1 0.0984375 0.0164063 0.01875 0.0328125
-1 0.317969 0.149219 0.0359375 0.0296875
-1 0.991406 0.0882813 0.0171875 0.0234375
-1 0.630469 0.366406 0.0296875 0.0296875
-1 0.485156 0.241406 0.0265625 0.0390625
-1 0.489063 0.308594 0.021875 0.0234375
-1 0.428125 0.157812 0.0375 0.034375
-1 0.585156 0.0046875 0.0421875 0.009375
-1 0.992188 0.742969 0.015625 0.0234375
-1 0.611719 0.174219 0.0328125 0.0328125
-1 0.955469 0.802344 0.0265625 0.0234375
-1 0.983594 0.130469 0.0328125 0.0265625
