-1 0.377344 0.266406 0.0234375 0.0296875
-1 0.641406 0.519531 0.0234375 0.0203125
-1 0.345313 0.3375 0.03125 0.03125
-1 0.245312 0.48125 0.025 0.01875
-1 0.592969 0.247656 0.0359375 0.0203125
-1 0.326562 0.319531 0.028125 0.0234375
-1 0.324219 0.2625 0.0203125 0.021875
-1 0.18125 0.365625 0.03125 0.028125
-1 0.430469 0.101562 0.0359375 0.040625
-1 0.692969 0.410938 0.0328125 0.03125
-1 0.0492187 0.826562 0.0234375 0.021875
-1 0.392969 0.0359375 0.0234375 0.028125
-1 0.453125 0.371875 0.025 0.025
-1 0.607812 0.00859375 0.034375 0.0171875
-1 0.351562 0.430469 0.028125 0.0171875
