-1 0.377344 0.260937 0.0234375 0.028125
-1 0.589844 0.542969 0.0234375 0.0203125
-1 0.339062 0.326562 0.03125 0.03125
-1 0.20625 0.4875 0.025 0.01875
-1 0.540625 0.264062 0.034375 0.021875
-1 0.332813 0.324219 0.028125 0.0234375
-1 0.308594 0.265625 0.0234375 0.025
-1 0.177344 0.348438 0.0328125 0.03125
-1 0.379688 0.0765625 0.034375 0.03125
-1 0.65 0.41875 0.028125 0.028125
-1 0.358594 0.0140625 0.0234375 0.028125
-1 0.414062 0.382812 0.028125 0.025
-1 0.559375 0.00234375 0.034375 0.0046875
-1 0.269531 0.441406 0.0296875 0.0265625
