-1 0.277344 0.535937 0.0421875 0.025
-1 0.475781 0.971094 0.0390625 0.0359375
-1 0.611719 0.51875 0.0328125 0.040625
-1 0.644531 0.710938 0.0265625 0.034375
-1 0.178125 0.875 0.040625 0.05
-1 0.313281 0.929688 0.0515625 0.04375
-1 0.228125 0.899219 0.040625 0.0390625
-1 0.408594 0.957812 0.0421875 0.0375
-1 0.323437 0.867969 0.03125 0.0265625
-1 0.4125 0.874219 0.04375 0.0359375
-1 0.2125 0.822656 0.046875 0.0390625
-1 0.51875 0.75625 0.040625 0.05
-1 0.321094 0.748437 0.0359375 0.04375
-1 0.117969 0.8 0.0359375 0.03125
-1 0.524219 0.825 0.0578125 0.059375
-1 0.446875 0.800781 0.0625 0.0453125
-1 0.10625 0.766406 0.04375 0.0453125
-1 0.307031 0.798438 0.0390625 0.0375
-1 0.321094 0.835938 0.0515625 0.04375
-1 0.914062 0.925781 0.0625 0.0734375
-1 0.859375 0.920312 0.065625 0.06875
