-1 0.610938 0.171094 0.078125 0.0515625
-1 0.453125 0.0148437 0.046875 0.0296875
-1 0.276562 0.0773438 0.065625 0.0578125
-1 0.276562 0.0671875 0.053125 0.05
-1 0.114062 0.150781 0.0625 0.0734375
-1 0.059375 0.145313 0.065625 0.06875
-1 0.814063 0.0164063 0.071875 0.0328125
-1 0.346094 0.226562 0.0765625 0.059375
-1 0.557813 0.257812 0.046875 0.065625
-1 0.400781 0.153906 0.114062 0.0796875
-1 0.995313 0.357812 0.009375 0.059375
-1 0.985938 0.307031 0.028125 0.0734375
-1 0.771094 0.234375 0.0734375 0.075
-1 0.858594 0.292187 0.0609375 0.059375
-1 0.613281 0.0945312 0.0640625 0.0671875
-1 0.53125 0.14375 0.071875 0.075
-1 0.975781 0.0476562 0.0484375 0.0578125
-1 0.984375 0.157812 0.03125 0.053125
