-1 0.184375 0.527344 0.0375 0.0296875
-1 0.100781 0.133594 0.0421875 0.0421875
-1 0.220312 0.453906 0.046875 0.0390625
-1 0.009375 0.566406 0.01875 0.0296875
-1 0.524219 0.459375 0.0453125 0.03125
-1 0.53125 0.653906 0.04375 0.0328125
-1 0.594531 0.339062 0.0453125 0.03125
-1 0.690625 0.634375 0.04375 0.03125
-1 0.667969 0.520312 0.0484375 0.046875
-1 0.774219 0.544531 0.0421875 0.0390625
-1 0.784375 0.672656 0.0375 0.0328125
-1 0.582812 0.726562 0.04375 0.034375
-1 0.975781 0.560156 0.0453125 0.0296875
-1 0.964844 0.675 0.0484375 0.028125
