-1 0.169531 0.363281 0.0296875 0.0265625
-1 0.384375 0.527344 0.0375 0.0296875
-1 0.300781 0.133594 0.0421875 0.0421875
-1 0.420312 0.453906 0.046875 0.0390625
-1 0.2 0.566406 0.0375 0.0296875
-1 0.724219 0.459375 0.0453125 0.03125
-1 0.73125 0.653906 0.04375 0.0328125
-1 0.794531 0.339062 0.0453125 0.03125
-1 0.890625 0.634375 0.04375 0.03125
-1 0.867969 0.520312 0.0484375 0.046875
-1 0.974219 0.544531 0.0421875 0.0390625
-1 0.982812 0.672656 0.034375 0.0328125
-1 0.782813 0.726562 0.04375 0.034375
