-1 0.475781 0.196094 0.0390625 0.0359375
-1 0.178125 0.1 0.040625 0.05
-1 0.313281 0.154688 0.0515625 0.04375
-1 0.714063 0.24375 0.05625 0.04375
-1 0.228125 0.124219 0.040625 0.0390625
-1 0.408594 0.182812 0.0421875 0.0375
-1 0.323437 0.0929688 0.03125 0.0265625
-1 0.4125 0.0992187 0.04375 0.0359375
-1 0.2125 0.0476562 0.046875 0.0390625
-1 0.51875 0.003125 0.040625 0.00625
-1 0.117969 0.025 0.0359375 0.03125
-1 0.524219 0.05 0.0578125 0.059375
-1 0.446875 0.0257812 0.0625 0.0453125
-1 0.10625 0.00703125 0.04375 0.0140625
-1 0.307031 0.0234375 0.0390625 0.0375
-1 0.321094 0.0609375 0.0515625 0.04375
-1 0.914062 0.150781 0.0625 0.0734375
-1 0.859375 0.145313 0.065625 0.06875
