-1 0.805469 0.214062 0.0546875 0.059375
-1 0.907813 0.395313 0.09375 0.0625
-1 0.745313 0.308594 0.053125 0.0453125
-1 0.535156 0.496094 0.0890625 0.0640625
-1 0.651563 0.432812 0.096875 0.0625
-1 0.304688 0.357031 0.075 0.0703125
-1 0.675781 0.614844 0.0828125 0.0609375
-1 0.171875 0.514844 0.059375 0.0578125
-1 0.0867187 0.272656 0.0515625 0.0515625
-1 0.0320312 0.425 0.0453125 0.046875
-1 0.028125 0.257812 0.05625 0.059375
-1 0.142187 0.34375 0.065625 0.05625
-1 0.103125 0.529687 0.084375 0.025
