-1 0.135937 0.673438 0.05625 0.0375
-1 0.0078125 0.728125 0.015625 0.034375
-1 0.310156 0.784375 0.0421875 0.0375
-1 0.75625 0.965625 0.090625 0.0375
-1 0.672656 0.9875 0.0421875 0.025
-1 0.629687 0.921094 0.08125 0.0546875
-1 0.025 0.780469 0.05 0.0546875
-1 0.560937 0.952344 0.11875 0.0609375
-1 0.4125 0.932031 0.103125 0.0609375
-1 0.408594 0.946875 0.0703125 0.04375
-1 0.253906 0.871094 0.0703125 0.0546875
-1 0.309375 0.932031 0.09375 0.0484375
-1 0.18125 0.822656 0.059375 0.0578125
-1 0.251563 0.915625 0.05625 0.053125
-1 0.203125 0.932813 0.06875 0.053125
-1 0.378125 0.813281 0.05625 0.0484375
