-1 0.310156 0.0140625 0.0421875 0.028125
-1 0.971094 0.514844 0.0578125 0.0578125
-1 0.886719 0.272656 0.0515625 0.0515625
-1 0.75625 0.190625 0.090625 0.0375
-1 0.672656 0.224219 0.0421875 0.0484375
-1 0.624219 0.3125 0.0453125 0.053125
-1 0.832031 0.425 0.0453125 0.046875
-1 0.819531 0.257812 0.0734375 0.059375
-1 0.942187 0.34375 0.065625 0.05625
-1 0.700781 0.3 0.0421875 0.04375
-1 0.903125 0.529687 0.084375 0.025
-1 0.764062 0.585156 0.05 0.0609375
-1 0.629687 0.146094 0.08125 0.0546875
-1 0.025 0.0164063 0.05 0.0328125
-1 0.225 0.357812 0.06875 0.059375
-1 0.234375 0.307031 0.125 0.0734375
-1 0.00390625 0.234375 0.0078125 0.075
-1 0.560937 0.177344 0.11875 0.0609375
-1 0.4125 0.157031 0.103125 0.0609375
-1 0.0585938 0.292187 0.0609375 0.059375
-1 0.408594 0.171875 0.0703125 0.04375
-1 0.253906 0.0960938 0.0703125 0.0546875
-1 0.309375 0.157031 0.09375 0.0484375
-1 0.18125 0.0476562 0.059375 0.0578125
-1 0.251563 0.140625 0.05625 0.053125
-1 0.203125 0.157812 0.06875 0.053125
-1 0.378125 0.0382813 0.05625 0.0484375
