-1 0.4 0.654687 0.0375 0.034375
-1 0.719531 0.569531 0.0265625 0.0484375
-1 0.935937 0.673438 0.05625 0.0375
-1 0.799219 0.728125 0.0328125 0.034375
-1 0.610938 0.946094 0.078125 0.0515625
-1 0.453125 0.789062 0.046875 0.03125
-1 0.276562 0.852344 0.065625 0.0578125
-1 0.276562 0.842187 0.053125 0.05
-1 0.114062 0.925781 0.0625 0.0734375
-1 0.059375 0.920312 0.065625 0.06875
-1 0.814063 0.780469 0.071875 0.0546875
-1 0.346094 0.985938 0.0765625 0.028125
-1 0.400781 0.928906 0.114062 0.0796875
-1 0.771094 0.985938 0.0734375 0.028125
-1 0.68125 0.732812 0.06875 0.065625
-1 0.567187 0.660937 0.059375 0.059375
-1 0.613281 0.869531 0.0640625 0.0671875
-1 0.559375 0.747656 0.05 0.0453125
-1 0.53125 0.91875 0.071875 0.075
-1 0.975781 0.822656 0.0484375 0.0578125
-1 0.984375 0.932813 0.03125 0.053125
