-1 0.401562 0.294531 0.021875 0.0296875
-1 0.720313 0.599219 0.021875 0.0234375
-1 0.371094 0.473438 0.0140625 0.015625
-1 0.38125 0.375 0.03125 0.03125
-1 0.520312 0.385156 0.028125 0.0234375
-1 0.972656 0.153125 0.0296875 0.025
-1 0.471094 0.282031 0.0296875 0.0296875
-1 0.453125 0.235937 0.025 0.028125
-1 0.326562 0.33125 0.025 0.021875
-1 0.950781 0.107031 0.0265625 0.0296875
-1 0.16875 0.0398437 0.025 0.0265625
-1 0.885156 0.34375 0.0359375 0.021875
-1 0.7125 0.738281 0.03125 0.0265625
-1 0.389062 0.0453125 0.03125 0.034375
-1 0.658594 0.774219 0.0265625 0.0234375
-1 0.907031 0.153125 0.0328125 0.03125
-1 0.634375 0.117969 0.0375 0.0265625
-1 0.771094 0.315625 0.0390625 0.025
-1 0.988281 0.196094 0.0234375 0.0296875
-1 0.932813 0.299219 0.028125 0.0328125
