-1 0.417187 0.300781 0.021875 0.0296875
-1 0.734375 0.672656 0.01875 0.0203125
-1 0.407031 0.457031 0.0296875 0.0234375
-1 0.078125 0.0539063 0.025 0.0359375
-1 0.398438 0.382812 0.03125 0.03125
-1 0.0757812 0.0703125 0.0359375 0.021875
-1 0.610156 0.361719 0.0265625 0.0296875
-1 0.176563 0.125 0.034375 0.040625
-1 0.992188 0.0945312 0.015625 0.0234375
-1 0.567969 0.328906 0.0296875 0.0296875
-1 0.45625 0.235937 0.025 0.028125
-1 0.417187 0.314063 0.025 0.021875
-1 0.308594 0.116406 0.0359375 0.0453125
-1 0.974219 0.321094 0.0234375 0.0234375
-1 0.871094 0.733594 0.0328125 0.0328125
-1 0.520312 0.115625 0.03125 0.03125
-1 0.813281 0.777344 0.0265625 0.0234375
-1 0.8625 0.125781 0.0375 0.0265625
-1 0.93125 0.308594 0.028125 0.0234375
